10.0,6.0,1.0,0.9574934840202332,-1.0,0.5,0.5
11.0,6.0,1.0,0.9709852337837219,-1.0,0.5,0.38462
13.0,4.0,1.0,0.9854658246040344,-1.0,0.66667,0.66667
14.0,3.0,1.0,0.9846486449241638,-1.0,0.65385,0.61538
15.0,3.0,1.0,0.9924435615539551,-1.0,0.61538,0.48148
16.0,3.0,1.0,0.9915482997894287,-1.0,0.48148,0.66667
18.0,3.0,1.0,0.9874541759490967,0.7867956161499023,0.66667,0.59259
18.0,6.0,1.0,0.9824414849281311,0.7568552494049072,0.55556,0.66667
19.0,6.0,1.0,0.9681885242462158,-1.0,0.66667,0.5
20.0,6.0,1.0,0.9852616786956787,-1.0,0.5,0.57692
21.0,6.0,1.0,0.9777750968933105,-1.0,0.57692,0.59259
22.0,7.0,1.0,0.9837749600410461,-1.0,0.67143,0.57998
28.0,7.0,1.0,0.9626649022102356,-1.0,0.57998,0.48219
35.0,4.0,1.0,0.9352579712867737,-1.0,0.59091,0.66667
38.0,4.0,1.0,0.9817715287208557,-1.0,0.66667,0.58333
41.0,6.0,1.0,0.9755511283874512,-1.0,0.41935,0.51613
42.0,6.0,1.0,0.9730333089828491,-1.0,0.51613,0.59375
43.0,6.0,1.0,0.9551177620887756,-1.0,0.59375,0.36842
44.0,6.0,1.0,0.9841426610946655,-1.0,0.36842,0.38462
67.0,6.0,1.0,0.9504490494728088,-1.0,0.38462,0.31579
69.0,106.0,1.0,0.9800064563751221,-1.0,0.38462,0.53846
70.0,106.0,1.0,0.9923205375671387,-1.0,0.53846,0.51852
71.0,106.0,1.0,0.9914535880088806,-1.0,0.51852,0.46429
72.0,9.0,1.0,0.9880014657974243,0.8850216865539551,0.33333,0.30769
72.0,106.0,1.0,0.9902032613754272,0.8632055521011353,0.46429,0.5
72.0,116.0,1.0,0.9960446357727051,0.6547847390174866,0.37037,0.51852
73.0,9.0,1.0,0.9878578782081604,0.859794557094574,0.30769,0.30769
73.0,106.0,1.0,0.9918366074562073,0.8642170429229736,0.5,0.5
74.0,9.0,1.0,0.9893183708190918,0.874739408493042,0.30769,0.37037
74.0,106.0,1.0,0.9866288900375366,0.8660097718238831,0.5,0.40741
75.0,9.0,1.0,0.9939032793045044,0.8823208808898926,0.37037,0.37037
75.0,106.0,1.0,0.9884386658668518,0.8792762160301208,0.40741,0.40741
76.0,9.0,1.0,0.9888467192649841,0.8780567646026611,0.37037,0.37037
76.0,106.0,1.0,0.9913924932479858,0.8818328380584717,0.40741,0.38462
77.0,9.0,1.0,0.9820284247398376,0.8877413272857666,0.37037,0.40741
77.0,106.0,1.0,0.9915084838867188,0.8760630488395691,0.38462,0.36
86.0,106.0,1.0,0.9854764938354492,-1.0,0.36,0.4
91.0,116.0,1.0,0.6823508739471436,-1.0,0.56667,0.43333
93.0,9.0,1.0,0.9893391132354736,0.9393436908721924,0.5,0.5
93.0,106.0,1.0,0.9884912967681885,0.9357625246047974,0.42308,0.4
94.0,9.0,1.0,0.9933948516845703,0.9365511536598206,0.5,0.5
94.0,106.0,1.0,0.9844313263893127,0.9424166083335876,0.4,0.4
95.0,9.0,1.0,0.9896119832992554,0.9413140416145325,0.5,0.51852
95.0,106.0,1.0,0.9818747639656067,0.9389879703521729,0.4,0.33333
96.0,9.0,1.0,0.9925800561904907,0.9387248754501343,0.51852,0.48148
96.0,106.0,1.0,0.9882006049156189,0.934901237487793,0.33333,0.34783
97.0,9.0,1.0,0.9901801347732544,0.9222167730331421,0.48148,0.46154
97.0,106.0,1.0,0.9829001426696777,0.9284920692443848,0.34783,0.41667
98.0,9.0,1.0,0.9897004961967468,0.9287391304969788,0.46154,0.44
98.0,2.0,1.0,0.9971143007278442,0.8803778886795044,0.31325,0.33333
98.0,106.0,1.0,0.9908096790313721,0.9184301495552063,0.41667,0.45833
99.0,9.0,1.0,0.9858013391494751,0.9074649214744568,0.44,0.41667
99.0,2.0,1.0,0.9958670735359192,0.8867880702018738,0.33333,0.35294
99.0,106.0,1.0,0.9784210920333862,0.9078292846679688,0.45833,0.52
100.0,9.0,1.0,0.9858403205871582,0.9032001495361328,0.41667,0.3913
100.0,2.0,1.0,0.996455192565918,0.8824644088745117,0.35294,0.37671
100.0,106.0,1.0,0.9862277507781982,0.900039792060852,0.52,0.56818
101.0,2.0,1.0,0.9997087717056274,-1.0,0.37671,0.38356
102.0,1.0,1.0,0.9998151659965515,0.9129658341407776,0.69873,0.699
102.0,2.0,1.0,0.9994920492172241,0.9110426902770996,0.38356,0.37671
103.0,1.0,1.0,0.9998975992202759,0.9134953618049622,0.699,0.699
103.0,2.0,1.0,0.9996728897094727,0.914667546749115,0.37671,0.37671
104.0,1.0,1.0,0.9997571110725403,0.9107820987701416,0.699,0.699
104.0,2.0,1.0,0.9995219707489014,0.9140880107879639,0.37671,0.37671
104.0,9.0,1.0,0.9326366782188416,0.9196087718009949,0.42857,0.4
104.0,106.0,1.0,0.9162175059318542,0.8775632381439209,0.375,0.33333
105.0,1.0,1.0,0.9996827244758606,0.9103078842163086,0.699,0.699
105.0,2.0,1.0,0.9992507100105286,0.910207986831665,0.37671,0.37671
105.0,9.0,1.0,0.9919952750205994,0.9316195249557495,0.4,0.4
105.0,106.0,1.0,0.9798689484596252,0.9327617883682251,0.33333,0.33333
106.0,1.0,1.0,0.9997819066047668,0.9128955602645874,0.699,0.699
106.0,2.0,1.0,0.9994003772735596,0.9086055755615234,0.37671,0.37671
106.0,9.0,1.0,0.9916048049926758,0.9424278736114502,0.4,0.4
106.0,106.0,1.0,0.9889382123947144,0.9361532926559448,0.33333,0.36
107.0,1.0,1.0,0.9998062252998352,0.9125588536262512,0.699,0.696
107.0,2.0,1.0,0.9996500611305237,0.913051962852478,0.37671,0.38356
107.0,9.0,1.0,0.9936625957489014,0.9558761119842529,0.4,0.36667
107.0,106.0,1.0,0.9914302229881287,0.939541220664978,0.36,0.36
108.0,1.0,1.0,0.9998868703842163,0.912642240524292,0.696,0.696
108.0,2.0,1.0,0.9998106956481934,0.911891520023346,0.38356,0.38356
108.0,9.0,1.0,0.991701602935791,0.9435364603996277,0.36667,0.36667
108.0,106.0,1.0,0.986038327217102,0.9488154649734497,0.36,0.32
109.0,1.0,1.0,0.9998314380645752,0.9098933935165405,0.696,0.696
109.0,2.0,1.0,0.9995370507240295,0.910935640335083,0.38356,0.38356
109.0,9.0,1.0,0.9867011308670044,0.9444361925125122,0.36667,0.36667
109.0,106.0,1.0,0.9928449392318726,0.9353415369987488,0.32,0.32
110.0,1.0,1.0,0.9999361038208008,0.9064384698867798,0.696,0.69218
110.0,2.0,1.0,0.9996998310089111,0.9105002880096436,0.38356,0.38356
110.0,9.0,1.0,0.9921045899391174,0.9467445611953735,0.36667,0.33333
110.0,106.0,1.0,0.9899498820304871,0.9286026358604431,0.32,0.32
111.0,1.0,1.0,0.9998874664306641,0.9089303016662598,0.69218,0.69218
111.0,2.0,1.0,0.9996732473373413,0.905929446220398,0.38356,0.38356
111.0,9.0,1.0,0.9889129996299744,0.8522875308990479,0.33333,0.33333
112.0,1.0,1.0,0.9999170303344727,0.9192734360694885,0.69218,0.69218
112.0,2.0,1.0,0.9959200620651245,0.9064979553222656,0.38356,0.38356
113.0,1.0,1.0,0.9990348815917969,0.9278650879859924,0.69218,0.69247
113.0,2.0,1.0,0.9947786331176758,0.9123823046684265,0.38356,0.37671
114.0,1.0,1.0,0.9996829032897949,0.9270188212394714,0.69247,0.6898
114.0,2.0,1.0,0.9975552558898926,0.9214739799499512,0.37671,0.37671
115.0,1.0,1.0,0.9997531771659851,0.9286479949951172,0.6898,0.69276
115.0,2.0,1.0,0.9985011219978333,0.9256317615509033,0.37671,0.36986
116.0,1.0,1.0,0.9997290968894958,0.9359687566757202,0.69276,0.69304
116.0,2.0,1.0,0.9985935688018799,0.931141197681427,0.36986,0.36301
117.0,1.0,1.0,0.9996920228004456,0.942173957824707,0.69304,0.69361
117.0,2.0,1.0,0.9990198612213135,0.9384124279022217,0.36301,0.35616
118.0,1.0,1.0,0.9992750883102417,0.9480985999107361,0.69361,0.69126
118.0,2.0,1.0,0.9982094168663025,0.9451411962509155,0.35616,0.35616
119.0,1.0,1.0,0.9995498061180115,0.9576968550682068,0.69126,0.69044
119.0,2.0,1.0,0.997078537940979,0.9523429274559021,0.35616,0.34932
120.0,2.0,1.0,0.9966331720352173,-1.0,0.34932,0.34247
121.0,2.0,1.0,0.994706392288208,-1.0,0.34247,0.33562
132.0,2.0,1.0,0.999515175819397,-1.0,0.33562,0.31507
134.0,1.0,1.0,0.9995501637458801,-1.0,0.68402,0.68065
135.0,1.0,1.0,0.9997225999832153,0.9602459073066711,0.68065,0.67972
135.0,2.0,1.0,0.9984373450279236,0.9637601375579834,0.30822,0.32877
136.0,1.0,1.0,0.9996025562286377,0.9589804410934448,0.67972,0.67909
136.0,2.0,1.0,0.9992847442626953,0.9598187208175659,0.32877,0.34247
137.0,1.0,1.0,0.9994833469390869,0.9562268257141113,0.67909,0.67559
137.0,2.0,1.0,0.9980846047401428,0.9564664363861084,0.34247,0.36301
138.0,1.0,1.0,0.9997596740722656,0.9514338970184326,0.67559,0.6764
138.0,2.0,1.0,0.9995871186256409,0.9535340666770935,0.36301,0.37671
139.0,1.0,1.0,0.9996974468231201,0.9522160291671753,0.6764,0.67574
139.0,2.0,1.0,0.9992349147796631,0.9492961764335632,0.37671,0.38356
140.0,1.0,1.0,0.999782919883728,0.9462053775787354,0.67574,0.67472
140.0,2.0,1.0,0.998915433883667,0.9496391415596008,0.38356,0.40411
141.0,1.0,1.0,0.9998656511306763,0.9434363842010498,0.67472,0.67438
141.0,2.0,1.0,0.9996782541275024,0.9439208507537842,0.40411,0.41096
141.0,139.0,1.0,0.99214768409729,0.7703840732574463,0.66667,0.52632
142.0,1.0,1.0,0.9997645616531372,0.9363829493522644,0.67438,0.67107
142.0,2.0,1.0,0.9987635612487793,0.9414607286453247,0.41096,0.43151
142.0,139.0,1.0,0.9962998032569885,0.7773198485374451,0.52632,0.44444
143.0,1.0,1.0,0.9997596144676208,0.9324277639389038,0.67107,0.67071
143.0,2.0,1.0,0.9996366500854492,0.9346081614494324,0.43151,0.43836
143.0,139.0,1.0,0.9984001517295837,0.7659991383552551,0.44444,0.36842
144.0,1.0,1.0,0.9996422529220581,0.9273867011070251,0.67071,0.67035
144.0,2.0,1.0,0.9993614554405212,0.930743396282196,0.43836,0.44521
145.0,1.0,1.0,0.9997630715370178,0.9288980960845947,0.67035,0.68334
145.0,2.0,1.0,0.999882698059082,0.9287303686141968,0.44521,0.43151
146.0,2.0,1.0,0.9993319511413574,-1.0,0.43151,0.42466
147.0,2.0,1.0,0.9981932640075684,-1.0,0.42466,0.41781
148.0,2.0,1.0,0.9988037347793579,-1.0,0.41781,0.40411
149.0,2.0,1.0,0.9984603524208069,-1.0,0.40411,0.41781
150.0,2.0,1.0,0.9929431080818176,-1.0,0.41781,0.41781
151.0,2.0,1.0,0.9980251789093018,-1.0,0.41781,0.43151
152.0,1.0,1.0,0.9995838403701782,0.9560056924819946,0.67692,0.66445
152.0,2.0,1.0,0.9982665777206421,0.9528834223747253,0.43151,0.43836
153.0,1.0,1.0,0.9998331069946289,0.9499982595443726,0.66445,0.66445
153.0,2.0,1.0,0.9989269971847534,0.9541337490081787,0.43836,0.43836
154.0,1.0,1.0,0.999824047088623,0.9499908685684204,0.66445,0.66189
154.0,2.0,1.0,0.9992481470108032,0.949446976184845,0.43836,0.43151
155.0,1.0,1.0,0.9998450875282288,0.9458975791931152,0.66189,0.66189
155.0,2.0,1.0,0.9986763000488281,0.9502800703048706,0.43151,0.43151
156.0,1.0,1.0,0.9998927116394043,0.9488520622253418,0.66189,0.66189
156.0,2.0,1.0,0.9983973503112793,0.9470304250717163,0.43151,0.42466
157.0,1.0,1.0,0.9998418688774109,0.9448941946029663,0.66189,0.65894
157.0,2.0,1.0,0.997711181640625,0.9494634866714478,0.42466,0.43151
158.0,1.0,1.0,0.9998015761375427,0.9487932324409485,0.65894,0.6583
158.0,2.0,1.0,0.998532235622406,0.9455370306968689,0.43151,0.42466
159.0,1.0,1.0,0.9996358156204224,0.947445809841156,0.6583,0.6583
159.0,2.0,1.0,0.997529923915863,0.9487928748130798,0.42466,0.41781
160.0,8.0,1.0,0.9885733127593994,0.7866859436035156,0.61905,0.65
160.0,1.0,1.0,0.9992794990539551,0.9457194805145264,0.6583,0.6583
160.0,2.0,1.0,0.998843789100647,0.9469243288040161,0.41781,0.41781
161.0,8.0,1.0,0.9750239849090576,0.7961646318435669,0.65,0.63158
161.0,1.0,1.0,0.9996256828308105,0.9429566860198975,0.6583,0.6583
161.0,2.0,1.0,0.9993362426757812,0.9440969228744507,0.41781,0.41781
162.0,8.0,1.0,0.9826335906982422,0.797059953212738,0.63158,0.57143
162.0,1.0,1.0,0.9994300007820129,0.9386006593704224,0.6583,0.6583
162.0,2.0,1.0,0.9988621473312378,0.9414734840393066,0.41781,0.41781
163.0,8.0,1.0,0.9800769686698914,0.7894022464752197,0.57143,0.52174
163.0,1.0,1.0,0.9986394047737122,0.9279775023460388,0.6583,0.6583
163.0,2.0,1.0,0.998658299446106,0.9339364767074585,0.41781,0.41781
164.0,8.0,1.0,0.9922690987586975,0.8025606870651245,0.52174,0.52
164.0,1.0,1.0,0.998942494392395,0.9217875003814697,0.6583,0.6583
164.0,2.0,1.0,0.9992876648902893,0.9202414155006409,0.41781,0.41781
165.0,8.0,1.0,0.9925737380981445,0.8028467297554016,0.52,0.53846
165.0,1.0,1.0,0.9997465014457703,0.9183692932128906,0.6583,0.6583
165.0,2.0,1.0,0.9992414116859436,0.9155272841453552,0.41781,0.41096
166.0,8.0,1.0,0.9867638349533081,0.8037739992141724,0.53846,0.51852
166.0,1.0,1.0,0.9985483884811401,0.9115529656410217,0.6583,0.65474
166.0,2.0,1.0,0.9992918968200684,0.9128090143203735,0.41096,0.40816
167.0,8.0,1.0,0.9936931133270264,0.8302185535430908,0.51852,0.53571
167.0,1.0,1.0,0.9997118711471558,0.9084117412567139,0.65474,0.65474
167.0,2.0,1.0,0.9995244145393372,0.9087352156639099,0.40816,0.40136
168.0,8.0,1.0,0.9922561049461365,0.9090366363525391,0.53571,0.51724
168.0,1.0,1.0,0.9997906684875488,0.9076988101005554,0.65474,0.65474
168.0,2.0,1.0,0.999775230884552,0.9093009829521179,0.40136,0.40136
168.0,14.0,1.0,0.9924052953720093,0.9071815609931946,0.68571,0.65714
169.0,8.0,1.0,0.9893742799758911,0.9095442295074463,0.51724,0.48276
169.0,1.0,1.0,0.9997369647026062,0.904585599899292,0.65474,0.65183
169.0,2.0,1.0,0.9996349811553955,0.909753143787384,0.40136,0.4094
169.0,14.0,1.0,0.9917237758636475,0.9198618531227112,0.65714,0.62857
170.0,1.0,1.0,0.999685525894165,0.9034968018531799,0.65183,0.65224
170.0,2.0,1.0,0.9996054172515869,0.9053999781608582,0.4094,0.40667
171.0,1.0,1.0,0.9999189972877502,0.9009801149368286,0.65224,0.65224
171.0,2.0,1.0,0.9997454881668091,0.9034646153450012,0.40667,0.40789
172.0,1.0,1.0,0.9999423027038574,0.9047080278396606,0.65224,0.65224
172.0,2.0,1.0,0.9995700716972351,0.9020649194717407,0.40789,0.41176
173.0,1.0,1.0,0.9999170303344727,0.9043639898300171,0.65224,0.65224
173.0,2.0,1.0,0.9995831251144409,0.9041673541069031,0.41176,0.41176
174.0,1.0,1.0,0.9998100399971008,0.9120491743087769,0.65224,0.64976
174.0,2.0,1.0,0.9943910837173462,0.9026424288749695,0.41176,0.41176
175.0,1.0,1.0,0.9996132850646973,0.914096474647522,0.64976,0.64976
175.0,2.0,1.0,0.9973247051239014,0.908669650554657,0.41176,0.41176
176.0,1.0,1.0,0.9999188184738159,0.913938581943512,0.64976,0.64976
176.0,2.0,1.0,0.9992066621780396,0.9115318655967712,0.41176,0.41176
177.0,1.0,1.0,0.9998968243598938,0.9226787686347961,0.64976,0.65017
177.0,2.0,1.0,0.9977356195449829,0.9130110740661621,0.41176,0.40523
178.0,8.0,1.0,0.9952374696731567,0.8871048092842102,0.44444,0.44444
178.0,1.0,1.0,0.9999638795852661,0.9188488125801086,0.65017,0.64915
178.0,2.0,1.0,0.9991586208343506,0.9222404360771179,0.40523,0.40523
178.0,14.0,1.0,0.9913944602012634,0.9043633937835693,0.47222,0.47222
179.0,8.0,1.0,0.9904037117958069,0.8943846225738525,0.44444,0.46154
179.0,1.0,1.0,0.9999336004257202,0.9163926839828491,0.64915,0.6467
179.0,2.0,1.0,0.9986618161201477,0.9194638133049011,0.40523,0.4
179.0,14.0,1.0,0.9943534135818481,0.8902352452278137,0.47222,0.47222
180.0,8.0,1.0,0.9953000545501709,0.883018434047699,0.46154,0.46154
180.0,1.0,1.0,0.9998738169670105,0.913105845451355,0.6467,0.6467
180.0,2.0,1.0,0.9975821375846863,0.9193681478500366,0.4,0.40523
180.0,14.0,1.0,0.9964478015899658,0.9005707502365112,0.47222,0.47222
181.0,8.0,1.0,0.9884780645370483,0.8932669758796692,0.46154,0.5
181.0,1.0,1.0,0.9997238516807556,0.9033021926879883,0.6467,0.6467
181.0,2.0,1.0,0.9940309524536133,0.9180421233177185,0.40523,0.40523
181.0,14.0,1.0,0.9951900243759155,0.8959391117095947,0.47222,0.5
182.0,1.0,1.0,0.9998950958251953,0.9045658707618713,0.6467,0.6467
182.0,2.0,1.0,0.9991390705108643,0.9079836010932922,0.40523,0.40523
182.0,8.0,1.0,0.9897795915603638,0.9085651636123657,0.5,0.57692
182.0,106.0,1.0,0.9930963516235352,0.8435934782028198,0.37037,0.40741
182.0,14.0,1.0,0.9961819648742676,0.8914942741394043,0.5,0.5
183.0,1.0,1.0,0.9999133348464966,0.9069293737411499,0.6467,0.6467
183.0,2.0,1.0,0.9995633363723755,0.9065799713134766,0.40523,0.40523
183.0,8.0,1.0,0.9920589923858643,0.9025194644927979,0.57692,0.64
183.0,106.0,1.0,0.9854010343551636,0.8436790108680725,0.40741,0.44444
183.0,14.0,1.0,0.9832935333251953,0.8979300856590271,0.5,0.48571
184.0,1.0,1.0,0.9999207258224487,0.9082869291305542,0.6467,0.6467
184.0,2.0,1.0,0.9998152852058411,0.9078201055526733,0.40523,0.40523
184.0,14.0,1.0,0.9957574009895325,0.884503960609436,0.48571,0.48571
185.0,1.0,1.0,0.9998932480812073,0.9072936177253723,0.6467,0.64383
185.0,2.0,1.0,0.9998817443847656,0.9088338017463684,0.40523,0.41176
185.0,14.0,1.0,0.986330509185791,0.8759616613388062,0.48571,0.45714
186.0,1.0,1.0,0.9999221563339233,0.9068334698677063,0.64383,0.64325
186.0,2.0,1.0,0.9998781085014343,0.9082056879997253,0.41176,0.40523
186.0,14.0,1.0,0.9981124401092529,0.8673691749572754,0.45714,0.48571
187.0,1.0,1.0,0.9999510645866394,0.9067901968955994,0.64325,0.64325
187.0,2.0,1.0,0.9999065399169922,0.9073652029037476,0.40523,0.40523
187.0,14.0,1.0,0.9957814812660217,0.865842342376709,0.48571,0.48571
188.0,1.0,1.0,0.9999648332595825,0.9060453176498413,0.64325,0.64325
188.0,2.0,1.0,0.999893069267273,0.9063549637794495,0.40523,0.40523
188.0,14.0,1.0,0.9978169798851013,0.8646820783615112,0.48571,0.48571
188.0,106.0,1.0,0.9839379787445068,0.8782739043235779,0.30769,0.30769
189.0,1.0,1.0,0.9999658465385437,0.9061880707740784,0.64325,0.64325
189.0,2.0,1.0,0.9998911023139954,0.9066483974456787,0.40523,0.40523
189.0,106.0,1.0,0.9920466542243958,0.9146053194999695,0.30769,0.30769
189.0,12.0,1.0,0.9888808131217957,0.8675323128700256,0.68,0.64
189.0,13.0,1.0,0.9975996613502502,0.925748884677887,0.33333,0.36667
189.0,14.0,1.0,0.996035635471344,0.8593697547912598,0.48571,0.45714
190.0,1.0,1.0,0.999966025352478,0.9055476784706116,0.64325,0.64084
190.0,2.0,1.0,0.9999018311500549,0.9064671993255615,0.40523,0.40523
190.0,106.0,1.0,0.9932631850242615,0.9167288541793823,0.30769,0.30769
190.0,12.0,1.0,0.9894978404045105,0.8514084815979004,0.64,0.6
190.0,13.0,1.0,0.9936102032661438,0.931372344493866,0.36667,0.4
190.0,14.0,1.0,0.9983711242675781,0.8594084978103638,0.45714,0.45714
191.0,1.0,1.0,0.999951183795929,0.9070976972579956,0.64084,0.64084
191.0,2.0,1.0,0.9998505115509033,0.904638946056366,0.40523,0.40523
191.0,106.0,1.0,0.9953015446662903,0.9276430606842041,0.30769,0.30769
191.0,12.0,1.0,0.9867120981216431,0.8388451933860779,0.6,0.56
191.0,13.0,1.0,0.9977976083755493,0.9192074537277222,0.4,0.46667
191.0,14.0,1.0,0.9972530603408813,0.8539922833442688,0.45714,0.45714
192.0,1.0,1.0,0.999943733215332,0.9062587022781372,0.64084,0.64084
192.0,2.0,1.0,0.9998677372932434,0.907254159450531,0.40523,0.40523
192.0,106.0,1.0,0.9930232763290405,0.9162486791610718,0.30769,0.30769
192.0,12.0,1.0,0.9815493226051331,0.850972592830658,0.56,0.52
192.0,13.0,1.0,0.9968900084495544,0.9159891605377197,0.46667,0.4
192.0,14.0,1.0,0.9958158135414124,0.8589229583740234,0.45714,0.45714
193.0,1.0,1.0,0.9998804330825806,0.9077419638633728,0.64084,0.64127
193.0,2.0,1.0,0.9996386766433716,0.9056093692779541,0.40523,0.39216
193.0,12.0,1.0,0.991424560546875,0.825322151184082,0.52,0.48
193.0,13.0,1.0,0.9931997060775757,0.8190472722053528,0.4,0.4
193.0,14.0,1.0,0.9949682950973511,0.8588145971298218,0.45714,0.42857
194.0,1.0,1.0,0.9998910427093506,0.907001256942749,0.64127,0.64026
194.0,2.0,1.0,0.9997751116752625,0.9058755040168762,0.39216,0.38562
194.0,12.0,1.0,0.9848695397377014,0.8301848769187927,0.48,0.46154
194.0,13.0,1.0,0.9739409685134888,0.8235719799995422,0.4,0.36667
194.0,14.0,1.0,0.9960362911224365,0.8559248447418213,0.42857,0.42857
195.0,1.0,1.0,0.9998996257781982,0.9074951410293579,0.64026,0.63788
195.0,2.0,1.0,0.999634325504303,0.9048330783843994,0.38562,0.37908
195.0,12.0,1.0,0.9963491559028625,0.8438724279403687,0.46154,0.46154
195.0,14.0,1.0,0.9986550807952881,0.846227765083313,0.42857,0.4
196.0,1.0,1.0,0.9999173879623413,0.9053491353988647,0.63788,0.63788
196.0,2.0,1.0,0.9997637271881104,0.9068166613578796,0.37908,0.37255
196.0,139.0,1.0,0.9937591552734375,0.8975282907485962,0.65,0.63158
196.0,12.0,1.0,0.9883545637130737,0.8778673410415649,0.46154,0.42308
196.0,14.0,1.0,0.9979537725448608,0.9030256271362305,0.4,0.4
197.0,1.0,1.0,0.9998432397842407,0.9187499284744263,0.63788,0.63507
197.0,2.0,1.0,0.9975533485412598,0.9049153923988342,0.37255,0.35294
197.0,139.0,1.0,0.9954884052276611,0.9020387530326843,0.63158,0.6
197.0,12.0,1.0,0.9887350797653198,0.8785611987113953,0.42308,0.42308
197.0,13.0,1.0,0.9940258860588074,0.8187851905822754,0.33333,0.34483
197.0,14.0,1.0,0.9973064064979553,0.913832426071167,0.4,0.37143
198.0,1.0,1.0,0.9997754693031311,0.9241647720336914,0.63507,0.63552
198.0,2.0,1.0,0.998745858669281,0.9164310693740845,0.35294,0.32026
198.0,139.0,1.0,0.9932275414466858,0.9139161109924316,0.6,0.55
198.0,12.0,1.0,0.9881565570831299,0.892593502998352,0.42308,0.42308
198.0,14.0,1.0,0.9962701797485352,0.9104171991348267,0.37143,0.38889
199.0,1.0,1.0,0.9996899962425232,0.9303051233291626,0.63552,0.63552
199.0,2.0,1.0,0.9991034865379333,0.9234553575515747,0.32026,0.30263
199.0,139.0,1.0,0.9935833811759949,0.9110934734344482,0.55,0.52632
199.0,12.0,1.0,0.9945405721664429,0.8695449233055115,0.42308,0.42308
199.0,14.0,1.0,0.9966601133346558,0.9070072174072266,0.38889,0.36111
200.0,1.0,1.0,0.9996882081031799,0.8498970866203308,0.63552,0.63552
200.0,139.0,1.0,0.993357241153717,0.9108073115348816,0.52632,0.5
200.0,12.0,1.0,0.9912616014480591,0.8852453827857971,0.42308,0.38462
200.0,14.0,1.0,0.9977538585662842,0.9146010279655457,0.36111,0.36111
201.0,1.0,1.0,0.9994093775749207,0.8424464464187622,0.63552,0.63507
201.0,139.0,1.0,0.9938899278640747,0.9180166125297546,0.5,0.47368
201.0,12.0,1.0,0.985167384147644,0.8748453855514526,0.38462,0.42308
201.0,14.0,1.0,0.9954928159713745,0.9076078534126282,0.36111,0.36111
202.0,1.0,1.0,0.999714732170105,0.8547670245170593,0.63507,0.63462
202.0,139.0,1.0,0.9897558689117432,0.9041136503219604,0.47368,0.42105
202.0,12.0,1.0,0.9896572828292847,0.897061824798584,0.42308,0.46154
202.0,14.0,1.0,0.9964648485183716,0.8993042707443237,0.36111,0.36111
203.0,1.0,1.0,0.9993270635604858,0.8487122058868408,0.63462,0.63417
203.0,139.0,1.0,0.9913190007209778,0.918658435344696,0.42105,0.45
203.0,12.0,1.0,0.9853703379631042,0.8991740942001343,0.46154,0.5
203.0,14.0,1.0,0.9952231049537659,0.8986358046531677,0.36111,0.31429
204.0,1.0,1.0,0.9997199177742004,0.841400146484375,0.63417,0.63371
204.0,139.0,1.0,0.9952861070632935,0.9052295684814453,0.45,0.47368
204.0,12.0,1.0,0.9916619062423706,0.9171291589736938,0.5,0.5
204.0,14.0,1.0,0.994795024394989,0.8931041359901428,0.31429,0.31429
205.0,1.0,1.0,0.9995944499969482,0.8049218654632568,0.63371,0.63184
205.0,139.0,1.0,0.9837197661399841,0.88388991355896,0.47368,0.47368
205.0,12.0,1.0,0.9843422770500183,0.9049431681632996,0.5,0.5
206.0,1.0,1.0,0.999578595161438,0.8115092515945435,0.63184,0.62992
206.0,12.0,1.0,0.992302417755127,0.79877769947052,0.5,0.46154
207.0,1.0,1.0,0.999175488948822,0.8108032941818237,0.62992,0.62743
207.0,12.0,1.0,0.9897419214248657,0.8160684704780579,0.46154,0.46154
208.0,1.0,1.0,0.9993524551391602,0.9248464107513428,0.62743,0.62537
208.0,2.0,1.0,0.9988306760787964,0.9273436069488525,0.32867,0.36429
208.0,12.0,1.0,0.9961865544319153,0.8237236142158508,0.46154,0.46154
209.0,1.0,1.0,0.9986186027526855,0.9294703006744385,0.62537,0.62015
209.0,2.0,1.0,0.9944846630096436,0.9217883348464966,0.36429,0.43571
209.0,12.0,1.0,0.9856276512145996,0.8256969451904297,0.46154,0.5
210.0,1.0,1.0,0.9989585280418396,0.921797513961792,0.62015,0.6179
210.0,2.0,1.0,0.9948724508285522,0.9243214130401611,0.43571,0.50355
210.0,12.0,1.0,0.9875668883323669,0.8221275806427002,0.5,0.5
211.0,1.0,1.0,0.9986437559127808,0.9131205081939697,0.6179,0.61818
211.0,2.0,1.0,0.9909741282463074,0.9121026992797852,0.50355,0.56738
211.0,12.0,1.0,0.977909505367279,0.816636323928833,0.5,0.5
212.0,1.0,1.0,0.9984661340713501,0.8778466582298279,0.61818,0.6158
212.0,2.0,1.0,0.9895834922790527,0.9069643020629883,0.56738,0.6383
212.0,12.0,1.0,0.9822615385055542,0.7784488201141357,0.5,0.53846
213.0,1.0,1.0,0.9970041513442993,0.8640193939208984,0.6158,0.617
213.0,2.0,1.0,0.9883984327316284,0.887794554233551,0.6383,0.67153
213.0,12.0,1.0,0.986720085144043,0.808290958404541,0.53846,0.53846
214.0,1.0,1.0,0.9978918433189392,0.7600797414779663,0.617,0.61759
214.0,12.0,1.0,0.9790354371070862,0.7579286694526672,0.53846,0.5
215.0,1.0,1.0,0.9985164403915405,0.7800463438034058,0.61759,0.61557
215.0,12.0,1.0,0.9859199523925781,0.7695037722587585,0.5,0.53846
216.0,1.0,1.0,0.9995050430297852,0.8879843950271606,0.61557,0.61933
216.0,12.0,1.0,0.9862161874771118,0.8722506761550903,0.53846,0.57692
216.0,14.0,1.0,0.9900043606758118,0.8995270133018494,0.31429,0.34286
217.0,1.0,1.0,0.9992363452911377,0.8961305618286133,0.61933,0.62159
217.0,12.0,1.0,0.9846943616867065,0.8802505731582642,0.57692,0.65385
217.0,14.0,1.0,0.9860274791717529,0.8913453221321106,0.34286,0.37143
218.0,1.0,1.0,0.9996297359466553,0.8737908601760864,0.62159,0.62378
218.0,12.0,1.0,0.9870568513870239,0.8765850067138672,0.65385,0.66667
218.0,14.0,1.0,0.9818756580352783,0.8958497047424316,0.37143,0.41667
219.0,1.0,1.0,0.9994210004806519,0.8919479846954346,0.62378,0.62537
219.0,14.0,1.0,0.9817821979522705,0.8748748302459717,0.41667,0.47222
220.0,8.0,1.0,0.982623815536499,0.8883435130119324,0.69697,0.68571
220.0,1.0,1.0,0.9982402324676514,0.8677999973297119,0.62537,0.62743
220.0,14.0,1.0,0.9578019976615906,0.8952573537826538,0.47222,0.5
221.0,8.0,1.0,0.9846165180206299,0.86031574010849,0.68571,0.67647
221.0,1.0,1.0,0.9972666501998901,0.8585599660873413,0.62743,0.6324
221.0,14.0,1.0,0.9755507707595825,0.8907362222671509,0.5,0.55556
222.0,8.0,1.0,0.9913961887359619,0.8582935929298401,0.67647,0.60606
222.0,1.0,1.0,0.996978223323822,0.859235405921936,0.6324,0.63632
222.0,14.0,1.0,0.9748373627662659,0.8634012937545776,0.55556,0.69444
223.0,8.0,1.0,0.9936283230781555,0.7841951847076416,0.60606,0.625
223.0,1.0,1.0,0.9992831349372864,0.7896409630775452,0.63632,0.6422
224.0,8.0,1.0,0.9900550246238708,0.7803962826728821,0.625,0.58065
224.0,1.0,1.0,0.9984310865402222,0.7953507304191589,0.6422,0.64601
225.0,8.0,1.0,0.9863901138305664,0.7810394763946533,0.58065,0.6
225.0,1.0,1.0,0.9983018636703491,0.7937768697738647,0.64601,0.65959
226.0,8.0,1.0,0.9926978945732117,0.7859728932380676,0.6,0.53333
226.0,1.0,1.0,0.9985851049423218,0.7873169183731079,0.65959,0.68331
227.0,8.0,1.0,0.9963661432266235,-1.0,0.53333,0.55172
228.0,8.0,1.0,0.9909048080444336,-1.0,0.55172,0.53571
229.0,8.0,1.0,0.9919769763946533,0.8583834171295166,0.53571,0.6
229.0,16.0,1.0,0.9688791036605835,0.8199763298034668,0.37143,0.51429
230.0,8.0,1.0,0.9745001792907715,0.8572496175765991,0.6,0.625
230.0,16.0,1.0,0.9564760327339172,0.8246747255325317,0.51429,0.65714
231.0,8.0,1.0,0.9905291795730591,-1.0,0.625,0.66667
233.0,16.0,1.0,0.9603458642959595,-1.0,0.58824,0.54054
234.0,16.0,1.0,0.9796102046966553,-1.0,0.54054,0.5122
235.0,16.0,1.0,0.9907138347625732,-1.0,0.5122,0.47727
236.0,16.0,1.0,0.960883378982544,-1.0,0.47727,0.46809
237.0,16.0,1.0,0.9815261363983154,0.6928961873054504,0.46809,0.35849
237.0,18.0,1.0,0.9694319367408752,0.7375684976577759,0.36667,0.5
238.0,18.0,1.0,0.9757441282272339,0.8427910804748535,0.5,0.53333
238.0,15.0,1.0,0.9606163501739502,0.8572099208831787,0.41905,0.48153
239.0,18.0,1.0,0.9802402257919312,0.8623954057693481,0.53333,0.48276
239.0,15.0,1.0,0.8885793685913086,0.8312520980834961,0.48153,0.45187
245.0,124.0,1.0,0.9877883791923523,-1.0,0.69065,0.53676
246.0,19.0,1.0,0.9658718705177307,0.7713820338249207,0.69697,0.69697
246.0,124.0,1.0,0.9662772417068481,0.8621047735214233,0.53676,0.46617
246.0,125.0,1.0,0.9688548445701599,0.9147499799728394,0.30559,0.32571
247.0,19.0,1.0,0.9678815007209778,0.735629677772522,0.69697,0.65625
247.0,124.0,1.0,0.9642119407653809,0.8763266801834106,0.46617,0.33333
247.0,125.0,1.0,0.9891400337219238,0.9079460501670837,0.32571,0.3458
248.0,19.0,1.0,0.97456294298172,0.6912440061569214,0.65625,0.67742
248.0,125.0,1.0,0.9875345230102539,0.687265932559967,0.3458,0.36599
249.0,125.0,1.0,0.9772443175315857,0.8166447281837463,0.36599,0.3539
249.0,19.0,1.0,0.9807735085487366,0.7461779117584229,0.67742,0.66667
249.0,21.0,1.0,0.9563263058662415,0.8153874278068542,0.33333,0.43843
250.0,19.0,1.0,0.9894513487815857,0.7242809534072876,0.66667,0.58824
250.0,125.0,1.0,0.9911308288574219,0.7174044251441956,0.3539,0.3419
251.0,19.0,1.0,0.9842761754989624,0.7223924398422241,0.58824,0.52778
251.0,125.0,1.0,0.9902626276016235,0.7405198216438293,0.3419,0.32945
252.0,125.0,1.0,0.9677011966705322,-1.0,0.32945,0.32981
253.0,125.0,1.0,0.9936285614967346,-1.0,0.32981,0.32918
254.0,125.0,1.0,0.9913191795349121,-1.0,0.32918,0.32718
255.0,20.0,1.0,0.963534951210022,0.7644398808479309,0.63158,0.39474
255.0,125.0,1.0,0.9773577451705933,0.7406508326530457,0.32718,0.36253
256.0,125.0,1.0,0.9913862943649292,-1.0,0.36253,0.3955
257.0,2.0,1.0,0.9759961366653442,0.8610938787460327,0.66667,0.66129
257.0,26.0,1.0,0.9453530311584473,0.8746398091316223,0.35366,0.33333
257.0,125.0,1.0,0.9887487888336182,0.8619770407676697,0.3955,0.42639
257.0,23.0,1.0,0.9379667043685913,0.8842455148696899,0.65517,0.50847
258.0,125.0,1.0,0.9955588579177856,-1.0,0.42639,0.45972
259.0,125.0,1.0,0.9776895046234131,-1.0,0.45972,0.49418
260.0,2.0,1.0,0.9581357836723328,0.7801820039749146,0.60656,0.43333
260.0,125.0,1.0,0.9800266623497009,0.8022601008415222,0.49418,0.53158
261.0,125.0,1.0,0.9858567714691162,-1.0,0.53158,0.57156
262.0,125.0,1.0,0.9891433715820312,-1.0,0.57156,0.58676
263.0,20.0,1.0,0.946599006652832,0.6577972173690796,0.36735,0.64706
263.0,125.0,1.0,0.9917272329330444,0.6788253784179688,0.58676,0.59932
264.0,125.0,1.0,0.9941421747207642,-1.0,0.59932,0.61067
265.0,125.0,1.0,0.9982395172119141,-1.0,0.61067,0.62271
266.0,125.0,1.0,0.990857720375061,0.6516404747962952,0.62271,0.6345
266.0,22.0,1.0,0.9755677580833435,0.6632372140884399,0.59055,0.43448
267.0,125.0,1.0,0.9955823421478271,-1.0,0.6345,0.64605
268.0,125.0,1.0,0.9968360662460327,-1.0,0.64605,0.65738
269.0,2.0,1.0,0.9308317303657532,0.7108978033065796,0.43311,0.52999
269.0,125.0,1.0,0.9787276983261108,0.6640734672546387,0.65738,0.66745
270.0,2.0,1.0,0.9808709621429443,0.6837276220321655,0.52999,0.41981
270.0,125.0,1.0,0.9706252217292786,0.644633412361145,0.66745,0.67831
271.0,27.0,1.0,0.8985040187835693,0.6317732334136963,0.33962,0.57143
271.0,125.0,1.0,0.9504945874214172,0.7556500434875488,0.67831,0.68878
274.0,27.0,1.0,0.8945275545120239,-1.0,0.57143,0.63793
276.0,27.0,1.0,0.8138207197189331,-1.0,0.63793,0.36364
277.0,28.0,1.0,0.9116420745849609,-1.0,0.38325,0.31915
279.0,124.0,1.0,0.9805619120597839,0.8003168106079102,0.3252,0.39024
279.0,29.0,1.0,0.9843683838844299,0.8140420913696289,0.40789,0.47368
280.0,124.0,1.0,0.9671708345413208,0.8225038051605225,0.39024,0.40164
280.0,29.0,1.0,0.9738377928733826,0.7994699478149414,0.47368,0.525
281.0,1.0,1.0,0.9909578561782837,0.8324658870697021,0.6685,0.51436
281.0,124.0,1.0,0.9713678359985352,0.8191237449645996,0.40164,0.39344
281.0,29.0,1.0,0.9264369010925293,0.8852158784866333,0.525,0.38667
282.0,1.0,1.0,0.9892745018005371,-1.0,0.51436,0.55411
283.0,1.0,1.0,0.9952365159988403,0.8506475687026978,0.55411,0.62272
283.0,2.0,1.0,0.9949072003364563,0.8470379710197449,0.53846,0.40816
283.0,25.0,1.0,0.9886641502380371,0.7941905856132507,0.31111,0.37778
284.0,24.0,1.0,0.9620498418807983,0.9026543498039246,0.37963,0.32503
284.0,1.0,1.0,0.9943668246269226,0.8660857677459717,0.62272,0.69944
284.0,25.0,1.0,0.9415172338485718,0.7868547439575195,0.37778,0.61194
285.0,24.0,1.0,0.9931013584136963,-1.0,0.32503,0.41701
286.0,24.0,1.0,0.9910945892333984,0.8283751606941223,0.41701,0.42991
286.0,125.0,1.0,0.9734060168266296,0.6660719513893127,0.60554,0.48995
286.0,27.0,1.0,0.9703224301338196,0.9180408716201782,0.33333,0.36957
286.0,29.0,1.0,0.9485450983047485,0.8510122299194336,0.34848,0.42188
287.0,24.0,1.0,0.9932940006256104,0.8058217763900757,0.42991,0.55238
287.0,125.0,1.0,0.981651782989502,0.6322659850120544,0.48995,0.3777
287.0,27.0,1.0,0.96149080991745,0.8549367785453796,0.36957,0.42553
287.0,29.0,1.0,0.9300729632377625,0.8864017724990845,0.42188,0.54098
288.0,24.0,1.0,0.9948458671569824,0.8454315066337585,0.55238,0.55769
288.0,27.0,1.0,0.9787873029708862,0.8938643336296082,0.42553,0.45833
288.0,28.0,1.0,0.9776812195777893,0.9305776357650757,0.35938,0.33871
288.0,29.0,1.0,0.968271017074585,0.8761501312255859,0.54098,0.62069
289.0,24.0,1.0,0.9931008815765381,0.8506194353103638,0.55769,0.55556
289.0,27.0,1.0,0.9637445211410522,0.8950390815734863,0.45833,0.31915
289.0,28.0,1.0,0.9640820622444153,0.9111610651016235,0.33871,0.38667
289.0,29.0,1.0,0.9707293510437012,0.8966049551963806,0.62069,0.58333
290.0,24.0,1.0,0.9947059750556946,0.7799177765846252,0.55556,0.54054
290.0,29.0,1.0,0.982803463935852,0.7750327587127686,0.58333,0.65079
291.0,24.0,1.0,0.9952883720397949,-1.0,0.54054,0.50794
292.0,24.0,1.0,0.9951112866401672,-1.0,0.50794,0.57895
293.0,24.0,1.0,0.9932636022567749,0.9461621046066284,0.57895,0.56944
293.0,25.0,1.0,0.9917112588882446,0.957918643951416,0.55228,0.46537
294.0,24.0,1.0,0.9977104663848877,0.9498735666275024,0.56944,0.59236
294.0,25.0,1.0,0.9898878931999207,0.9510698318481445,0.46537,0.3673
295.0,24.0,1.0,0.9956262111663818,-1.0,0.59236,0.69872
297.0,31.0,1.0,0.9473433494567871,-1.0,0.4359,0.4875
298.0,31.0,1.0,0.9788352251052856,-1.0,0.4875,0.55556
299.0,32.0,1.0,0.9007830619812012,0.750952959060669,0.42857,0.66102
299.0,31.0,1.0,0.907258152961731,0.8532904386520386,0.55556,0.62821
300.0,24.0,1.0,0.9959889054298401,0.8117978572845459,0.6875,0.60923
300.0,32.0,1.0,0.9519249200820923,0.7771319150924683,0.66102,0.64558
301.0,24.0,1.0,0.9950688481330872,0.8217871189117432,0.60923,0.54974
301.0,1.0,1.0,0.9452112317085266,0.8304615020751953,0.56963,0.38306
302.0,24.0,1.0,0.9959028959274292,0.8495230078697205,0.54974,0.44548
302.0,27.0,1.0,0.9843046069145203,0.8508278131484985,0.36585,0.38462
302.0,28.0,1.0,0.9618093371391296,0.8777078986167908,0.31579,0.46903
303.0,24.0,1.0,0.9875898957252502,0.8063010573387146,0.44548,0.32535
303.0,35.0,1.0,0.957753598690033,0.9049494862556458,0.375,0.54545
303.0,27.0,1.0,0.9728182554244995,0.8830506801605225,0.38462,0.40541
304.0,35.0,1.0,0.9807920455932617,0.9074670076370239,0.54545,0.66038
304.0,27.0,1.0,0.9812365770339966,0.896591305732727,0.40541,0.4
305.0,35.0,1.0,0.9730973839759827,-1.0,0.66038,0.59615
306.0,35.0,1.0,0.9738160371780396,0.8864213824272156,0.59615,0.52941
306.0,29.0,1.0,0.9895101189613342,0.8620739579200745,0.65753,0.60274
307.0,1.0,1.0,0.9314761757850647,0.8906656503677368,0.42246,0.59056
307.0,35.0,1.0,0.967711329460144,0.8512400388717651,0.52941,0.46939
307.0,20.0,1.0,0.9097921848297119,0.7485413551330566,0.6219,0.42699
307.0,29.0,1.0,0.9488139152526855,0.8914724588394165,0.60274,0.32432
308.0,35.0,1.0,0.9778664112091064,-1.0,0.46939,0.41667
309.0,35.0,1.0,0.9631681442260742,-1.0,0.41667,0.5098
310.0,35.0,1.0,0.963565468788147,0.7783586382865906,0.5098,0.64062
310.0,37.0,0.0,0.891808271408081,0.885291576385498,0.68421,0.31507
311.0,32.0,1.0,0.9835460782051086,-1.0,0.61659,0.63782
312.0,32.0,1.0,0.9895907640457153,0.8407834768295288,0.63782,0.67177
312.0,36.0,1.0,0.9784421920776367,0.8310678005218506,0.69697,0.56812
313.0,32.0,1.0,0.978340208530426,-1.0,0.67177,0.63027
314.0,32.0,1.0,0.9801896810531616,-1.0,0.63027,0.67681
315.0,32.0,1.0,0.9683759212493896,-1.0,0.67681,0.45105
316.0,32.0,1.0,0.9730550050735474,-1.0,0.45105,0.38374
317.0,32.0,1.0,0.9884153604507446,0.9542748332023621,0.38374,0.38271
317.0,35.0,1.0,0.9867055416107178,0.938777506351471,0.67045,0.57303
318.0,32.0,1.0,0.9852837324142456,0.870413064956665,0.38271,0.42532
318.0,122.0,1.0,0.9848917126655579,0.8564437627792358,0.69142,0.61788
319.0,32.0,1.0,0.9786380529403687,0.8248773217201233,0.42532,0.52009
319.0,122.0,1.0,0.9595019817352295,0.8126665949821472,0.61788,0.42488
320.0,32.0,1.0,0.9698951244354248,-1.0,0.52009,0.33829
321.0,32.0,1.0,0.9745266437530518,-1.0,0.33829,0.32083
322.0,40.0,1.0,0.9517133235931396,-1.0,0.66129,0.375
323.0,34.0,1.0,0.9919331073760986,-1.0,0.35294,0.52174
324.0,34.0,1.0,0.9900112152099609,-1.0,0.52174,0.68367
325.0,37.0,1.0,0.985704779624939,-1.0,0.57333,0.47436
326.0,32.0,1.0,0.9650390148162842,0.9305484890937805,0.40328,0.48038
326.0,41.0,1.0,0.9456046223640442,0.8627244234085083,0.61538,0.58824
326.0,37.0,1.0,0.9821910858154297,0.8996090292930603,0.47436,0.37037
327.0,32.0,1.0,0.982349693775177,0.8361456990242004,0.48038,0.38195
327.0,41.0,1.0,0.9659545421600342,0.825600266456604,0.58824,0.54386
328.0,41.0,1.0,0.9165075421333313,-1.0,0.54386,0.59524
329.0,41.0,1.0,0.9774745106697083,-1.0,0.59524,0.625
330.0,41.0,1.0,0.9525429010391235,-1.0,0.625,0.46753
331.0,32.0,1.0,0.967284619808197,-1.0,0.32349,0.44129
333.0,30.0,1.0,0.9747770428657532,-1.0,0.325,0.36047
334.0,46.0,1.0,0.9800564646720886,-1.0,0.33333,0.52381
335.0,41.0,1.0,0.9109712839126587,-1.0,0.4026,0.32927
336.0,30.0,1.0,0.9821350574493408,-1.0,0.39394,0.41905
337.0,32.0,1.0,0.9912621378898621,0.8337408304214478,0.64773,0.59036
337.0,30.0,1.0,0.984114408493042,0.8196759223937988,0.41905,0.43011
338.0,32.0,1.0,0.9644131660461426,0.897357702255249,0.59036,0.51899
338.0,41.0,1.0,0.9805518984794617,0.8589185476303101,0.42857,0.42857
338.0,30.0,1.0,0.9842512607574463,0.862199068069458,0.43011,0.3875
339.0,32.0,1.0,0.9866762161254883,0.9153585433959961,0.51899,0.45946
339.0,41.0,1.0,0.926021158695221,0.8591573238372803,0.42857,0.37662
339.0,30.0,1.0,0.980411171913147,0.8022962808609009,0.3875,0.32353
340.0,32.0,1.0,0.9694132804870605,0.8782138228416443,0.45946,0.37681
340.0,41.0,1.0,0.9684247374534607,0.8753296136856079,0.37662,0.37037
340.0,40.0,1.0,0.9667327404022217,0.7548450827598572,0.38814,0.59223
341.0,40.0,1.0,0.9759048223495483,0.8207805156707764,0.59223,0.55085
341.0,41.0,1.0,0.9350009560585022,0.839643120765686,0.37037,0.44672
341.0,43.0,1.0,0.9655379056930542,0.8896398544311523,0.31579,0.58537
342.0,41.0,1.0,0.9416673183441162,0.7715879082679749,0.44672,0.62195
342.0,30.0,1.0,0.9740389585494995,0.8047168254852295,0.34375,0.45205
343.0,30.0,1.0,0.9931352138519287,-1.0,0.45205,0.5122
344.0,33.0,1.0,0.9827858209609985,0.9182600975036621,0.68889,0.52899
344.0,37.0,1.0,0.9742023944854736,0.8952134847640991,0.66667,0.68598
344.0,30.0,1.0,0.9933968782424927,0.9010311365127563,0.5122,0.57143
345.0,30.0,1.0,0.9882189035415649,-1.0,0.57143,0.69663
347.0,40.0,1.0,0.9955010414123535,0.8119927644729614,0.31707,0.32099
347.0,46.0,1.0,0.9430403113365173,0.8360754251480103,0.47826,0.47826
348.0,40.0,1.0,0.9921612739562988,0.8236197233200073,0.32099,0.325
348.0,46.0,1.0,0.9674898386001587,0.811971127986908,0.47826,0.47826
349.0,40.0,1.0,0.9826961159706116,0.847347617149353,0.325,0.52809
349.0,46.0,1.0,0.9513707756996155,0.8513370156288147,0.47826,0.30435
350.0,40.0,1.0,0.9854098558425903,-1.0,0.52809,0.52041
351.0,40.0,1.0,0.9890873432159424,-1.0,0.52041,0.67925
353.0,44.0,1.0,0.980950653553009,-1.0,0.4127,0.46154
354.0,44.0,1.0,0.9455667734146118,-1.0,0.46154,0.50625
355.0,40.0,1.0,0.988836407661438,0.8625915050506592,0.67769,0.55725
355.0,44.0,1.0,0.9440025687217712,0.8567744493484497,0.50625,0.60256
356.0,40.0,1.0,0.9826259016990662,0.8501646518707275,0.55725,0.5037
356.0,44.0,1.0,0.9732286930084229,0.8738449215888977,0.60256,0.65663
357.0,41.0,1.0,0.9780867099761963,0.871647834777832,0.62963,0.66129
357.0,44.0,1.0,0.9929385781288147,0.8766043782234192,0.65663,0.56452
358.0,44.0,1.0,0.9928930401802063,0.8520619869232178,0.56452,0.65
358.0,45.0,1.0,0.9938817024230957,0.875673770904541,0.54783,0.52941
359.0,44.0,1.0,0.9648195505142212,0.8863722681999207,0.65,0.66429
359.0,45.0,1.0,0.9824583530426025,0.8633038401603699,0.52941,0.47742
360.0,45.0,1.0,0.9819003939628601,-1.0,0.47742,0.42604
361.0,45.0,1.0,0.9769509434700012,-1.0,0.42604,0.51591
362.0,43.0,1.0,0.9812596440315247,0.8661302328109741,0.36364,0.60656
362.0,45.0,1.0,0.9850660562515259,0.8418805599212646,0.51591,0.52005
363.0,43.0,1.0,0.9838871955871582,0.852754533290863,0.60656,0.67164
363.0,45.0,1.0,0.9659069776535034,0.8442941308021545,0.52005,0.46189
369.0,45.0,1.0,0.997780442237854,-1.0,0.46189,0.36791
372.0,41.0,1.0,0.9818089604377747,-1.0,0.6,0.68966
374.0,126.0,1.0,0.9530357718467712,-1.0,0.5,0.57944
375.0,1.0,1.0,0.9931340217590332,0.818821370601654,0.68085,0.56689
375.0,126.0,1.0,0.9785258173942566,0.7647594809532166,0.57944,0.59048
376.0,1.0,1.0,0.997075080871582,0.821833610534668,0.56689,0.47841
376.0,126.0,1.0,0.9818210601806641,0.8114275336265564,0.59048,0.36893
377.0,48.0,1.0,0.9913832545280457,0.8565282821655273,0.45736,0.46429
377.0,1.0,1.0,0.9940581321716309,0.8214814066886902,0.47841,0.37412
377.0,126.0,1.0,0.9887524843215942,0.8422651290893555,0.36893,0.39
378.0,48.0,1.0,0.9772657155990601,0.8199369311332703,0.46429,0.5
378.0,1.0,1.0,0.9943630695343018,0.8085313439369202,0.37412,0.3384
378.0,126.0,1.0,0.990351140499115,0.8618558049201965,0.39,0.40816
379.0,48.0,1.0,0.9915185570716858,0.8318358659744263,0.5,0.41935
379.0,126.0,1.0,0.9890486001968384,0.8373299241065979,0.40816,0.42105
380.0,48.0,1.0,0.9890483617782593,0.8020672798156738,0.41935,0.34375
380.0,126.0,1.0,0.969618558883667,0.8176037073135376,0.42105,0.44792
381.0,48.0,1.0,0.9921308755874634,0.7768412828445435,0.34375,0.3871
381.0,126.0,1.0,0.9928790330886841,0.7806763648986816,0.44792,0.3299
382.0,48.0,1.0,0.9913334250450134,-1.0,0.3871,0.4
383.0,48.0,1.0,0.987315833568573,-1.0,0.4,0.45535
384.0,48.0,1.0,0.9928900003433228,-1.0,0.45535,0.46429
385.0,48.0,1.0,0.9832088947296143,-1.0,0.46429,0.42857
386.0,48.0,1.0,0.9851682186126709,-1.0,0.42857,0.39286
387.0,48.0,1.0,0.9947338700294495,-1.0,0.39286,0.53571
388.0,48.0,1.0,0.9858015775680542,-1.0,0.53571,0.58813
389.0,48.0,1.0,0.9862952828407288,-1.0,0.58813,0.53571
390.0,48.0,1.0,0.9909913539886475,0.8667413592338562,0.53571,0.50093
390.0,44.0,1.0,0.9871175289154053,0.8598235845565796,0.6129,0.42051
391.0,48.0,1.0,0.9899173974990845,0.8620564937591553,0.50093,0.53026
391.0,44.0,1.0,0.9929651618003845,0.8915344476699829,0.42051,0.4186
392.0,48.0,1.0,0.9885084629058838,-1.0,0.53026,0.47451
393.0,48.0,1.0,0.983875572681427,-1.0,0.47451,0.3621
397.0,44.0,1.0,0.9936009049415588,-1.0,0.56522,0.37681
399.0,49.0,1.0,0.9906522035598755,-1.0,0.63973,0.4603
400.0,49.0,1.0,0.9906514286994934,-1.0,0.4603,0.40444
401.0,48.0,1.0,0.9815213084220886,-1.0,0.34054,0.30556
402.0,48.0,1.0,0.9853140711784363,-1.0,0.30556,0.33072
403.0,48.0,1.0,0.9931552410125732,-1.0,0.33072,0.33072
404.0,48.0,1.0,0.9919538497924805,-1.0,0.33072,0.32143
405.0,48.0,1.0,0.9886964559555054,-1.0,0.32143,0.31954
406.0,48.0,1.0,0.992234468460083,-1.0,0.31954,0.34211
407.0,48.0,1.0,0.9915547370910645,-1.0,0.34211,0.34211
408.0,48.0,1.0,0.9788951277732849,-1.0,0.34211,0.34018
409.0,48.0,1.0,0.9782867431640625,-1.0,0.34018,0.35345
410.0,48.0,1.0,0.9925625324249268,-1.0,0.35345,0.33333
411.0,48.0,1.0,0.9778460264205933,-1.0,0.33333,0.36
412.0,48.0,1.0,0.9804571866989136,-1.0,0.36,0.3913
413.0,48.0,1.0,0.9754301309585571,-1.0,0.3913,0.375
414.0,48.0,1.0,0.9912903904914856,0.8293437957763672,0.375,0.42308
414.0,127.0,1.0,0.9861583113670349,0.847536027431488,0.30667,0.40705
415.0,48.0,1.0,0.9885627031326294,0.8134303092956543,0.42308,0.45195
415.0,127.0,1.0,0.965000569820404,0.8344979286193848,0.40705,0.48558
416.0,48.0,1.0,0.9872322082519531,0.8222049474716187,0.45195,0.48571
416.0,127.0,1.0,0.982163667678833,0.8048989772796631,0.48558,0.55122
417.0,48.0,1.0,0.9880360960960388,0.8066818118095398,0.48571,0.40949
417.0,127.0,1.0,0.9812537431716919,0.8278315663337708,0.55122,0.61576
418.0,48.0,1.0,0.977229654788971,0.8158261775970459,0.40949,0.37931
418.0,127.0,1.0,0.9906437397003174,0.830663800239563,0.61576,0.685
420.0,48.0,1.0,0.9770334959030151,-1.0,0.37931,0.34483
421.0,48.0,1.0,0.9626413583755493,-1.0,0.34483,0.37037
422.0,48.0,1.0,0.9839838743209839,-1.0,0.37037,0.44
423.0,48.0,1.0,0.9711533784866333,-1.0,0.44,0.45455
424.0,48.0,1.0,0.9843116998672485,-1.0,0.45455,0.6
425.0,48.0,1.0,0.9892993569374084,-1.0,0.6,0.55204
426.0,48.0,1.0,0.9799492359161377,-1.0,0.55204,0.45833
427.0,48.0,1.0,0.9914004802703857,-1.0,0.45833,0.43956
428.0,48.0,1.0,0.9883555173873901,-1.0,0.43956,0.43673
429.0,48.0,1.0,0.9674715399742126,0.7844064235687256,0.43673,0.34054
429.0,127.0,1.0,0.9817420244216919,0.8131327629089355,0.62602,0.59124
430.0,127.0,1.0,0.9889225959777832,-1.0,0.59124,0.56667
431.0,127.0,1.0,0.9882188439369202,-1.0,0.56667,0.55215
432.0,127.0,1.0,0.9912706017494202,-1.0,0.55215,0.525
435.0,127.0,1.0,0.9230918884277344,-1.0,0.525,0.32051
438.0,51.0,1.0,0.9622915983200073,-1.0,0.58824,0.65385
440.0,53.0,1.0,0.982825756072998,-1.0,0.34667,0.47143
441.0,50.0,1.0,0.8674057126045227,0.8495512008666992,0.69812,0.64809
441.0,123.0,0.0,0.8157495260238647,0.8039392232894897,0.3021,0.31746
441.0,53.0,1.0,0.9901429414749146,0.8576079607009888,0.47143,0.5
441.0,127.0,1.0,0.9837977886199951,0.8384360074996948,0.32061,0.69531
442.0,50.0,1.0,0.986301064491272,0.9107138514518738,0.64809,0.5748
442.0,123.0,1.0,0.9673828482627869,0.9455322623252869,0.31746,0.33155
442.0,53.0,1.0,0.9915457963943481,0.6214033365249634,0.5,0.54839
443.0,50.0,0.0,0.940697193145752,0.9292476177215576,0.5748,0.45626
443.0,123.0,1.0,0.9251762628555298,0.8527577519416809,0.33155,0.34596
443.0,53.0,1.0,0.9800503849983215,0.5987230539321899,0.54839,0.60938
444.0,123.0,1.0,0.957121729850769,-1.0,0.34596,0.36011
445.0,41.0,1.0,0.9273123741149902,0.8032689094543457,0.62222,0.65217
445.0,123.0,1.0,0.8229448199272156,0.8055753707885742,0.36011,0.37455
446.0,41.0,1.0,0.9922000765800476,0.7697393894195557,0.65217,0.64583
446.0,123.0,1.0,0.8496536016464233,0.7918137311935425,0.37455,0.39184
447.0,48.0,1.0,0.9862813353538513,0.8699572086334229,0.30435,0.36364
447.0,41.0,1.0,0.9529241323471069,0.9143253564834595,0.64583,0.57143
447.0,123.0,1.0,0.9710364937782288,0.7711294889450073,0.39184,0.4274
447.0,52.0,1.0,0.9868992567062378,0.8097949028015137,0.31993,0.35374
448.0,48.0,1.0,0.9797497391700745,0.8676961064338684,0.36364,0.40909
448.0,41.0,1.0,0.9836005568504333,0.8961663842201233,0.57143,0.5
448.0,123.0,1.0,0.995455265045166,0.7549578547477722,0.4274,0.46409
448.0,52.0,1.0,0.9862798452377319,0.8294209241867065,0.35374,0.37653
449.0,48.0,1.0,0.980541467666626,0.9126209616661072,0.40909,0.43478
449.0,41.0,1.0,0.9792072176933289,0.881991982460022,0.5,0.48
449.0,123.0,1.0,0.9876995086669922,0.7589741945266724,0.46409,0.50576
449.0,52.0,1.0,0.9892184138298035,0.8657042980194092,0.37653,0.34763
450.0,48.0,1.0,0.980221152305603,0.9160476922988892,0.43478,0.47826
450.0,41.0,1.0,0.991628110408783,0.8761522173881531,0.48,0.46
450.0,123.0,1.0,0.9957906007766724,0.8027454018592834,0.50576,0.54266
450.0,52.0,1.0,0.9920188784599304,0.8673269748687744,0.34763,0.32044
451.0,48.0,1.0,0.9301774501800537,0.8777479529380798,0.47826,0.41667
451.0,41.0,1.0,0.9916812777519226,0.877998411655426,0.46,0.42857
451.0,123.0,1.0,0.9908676147460938,0.7938240766525269,0.54266,0.58333
451.0,47.0,0.0,0.9234436750411987,0.9194329977035522,0.61538,0.32
452.0,48.0,1.0,0.9477974772453308,0.845445990562439,0.41667,0.375
452.0,41.0,1.0,0.9833733439445496,0.8994582891464233,0.42857,0.38776
452.0,123.0,1.0,0.9830309152603149,0.8042317628860474,0.58333,0.62418
453.0,48.0,1.0,0.9805827140808105,0.8952711224555969,0.375,0.3913
453.0,41.0,1.0,0.9912861585617065,0.8715852499008179,0.38776,0.375
453.0,123.0,1.0,0.9814674854278564,0.7776546478271484,0.62418,0.66513
454.0,48.0,1.0,0.9702550172805786,0.813051700592041,0.3913,0.45455
454.0,41.0,1.0,0.9265536069869995,0.8777666091918945,0.375,0.34043
455.0,48.0,1.0,0.9793357253074646,0.8718094825744629,0.45455,0.47619
455.0,41.0,1.0,0.9557887315750122,0.7915587425231934,0.34043,0.31111
456.0,48.0,1.0,0.9821447134017944,-1.0,0.47619,0.55
457.0,48.0,1.0,0.9754849672317505,0.7970557808876038,0.55,0.40484
457.0,52.0,1.0,0.9850251078605652,0.8475418090820312,0.32258,0.31818
458.0,48.0,1.0,0.9341779947280884,0.8070056438446045,0.40484,0.33487
458.0,41.0,1.0,0.9635037779808044,0.8132467269897461,0.32601,0.46341
458.0,52.0,1.0,0.9762169122695923,0.8273247480392456,0.31818,0.31325
460.0,41.0,1.0,0.9499223828315735,0.7353485822677612,0.46341,0.6
460.0,52.0,1.0,0.9827983379364014,0.7269314527511597,0.31325,0.31169
461.0,41.0,1.0,0.9915124177932739,0.7271139025688171,0.6,0.58333
461.0,52.0,1.0,0.9929677844047546,0.7208923101425171,0.31169,0.34211
462.0,41.0,1.0,0.952713668346405,0.7052417993545532,0.58333,0.45714
462.0,52.0,1.0,0.975780189037323,0.7169013023376465,0.34211,0.40218
463.0,41.0,1.0,0.9934220910072327,0.6926232576370239,0.45714,0.30303
463.0,52.0,1.0,0.9904055595397949,0.6731483936309814,0.40218,0.45691
464.0,52.0,1.0,0.9812934398651123,-1.0,0.45691,0.50577
465.0,52.0,1.0,0.98590487241745,-1.0,0.50577,0.55978
466.0,52.0,1.0,0.9847620725631714,0.9087954163551331,0.55978,0.59278
466.0,37.0,1.0,0.9828360080718994,0.8978996872901917,0.64865,0.57143
467.0,52.0,1.0,0.9869646430015564,0.9056310653686523,0.59278,0.62891
467.0,37.0,1.0,0.9497988224029541,0.8699867129325867,0.57143,0.51515
468.0,52.0,1.0,0.9950535893440247,-1.0,0.62891,0.67156
469.0,53.0,1.0,0.9922448396682739,-1.0,0.69231,0.64815
470.0,53.0,1.0,0.9933874607086182,-1.0,0.64815,0.58929
471.0,53.0,1.0,0.9888172149658203,-1.0,0.58929,0.56897
472.0,53.0,1.0,0.9739612340927124,-1.0,0.56897,0.55
473.0,53.0,1.0,0.9650975465774536,-1.0,0.55,0.55172
474.0,53.0,1.0,0.9841274619102478,-1.0,0.55172,0.55357
475.0,53.0,1.0,0.9898262023925781,-1.0,0.55357,0.58491
476.0,53.0,1.0,0.9851722717285156,-1.0,0.58491,0.58824
477.0,53.0,1.0,0.9836671352386475,-1.0,0.58824,0.48148
478.0,53.0,1.0,0.9513674974441528,-1.0,0.48148,0.375
479.0,53.0,1.0,0.971871554851532,-1.0,0.375,0.32203
481.0,127.0,1.0,0.9912891387939453,-1.0,0.68345,0.63571
482.0,127.0,1.0,0.992484450340271,-1.0,0.63571,0.58571
483.0,127.0,1.0,0.9968584179878235,-1.0,0.58571,0.53901
484.0,127.0,1.0,0.9920663833618164,-1.0,0.53901,0.49296
485.0,127.0,1.0,0.9920569658279419,-1.0,0.49296,0.47183
486.0,127.0,1.0,0.9939439296722412,-1.0,0.47183,0.45455
487.0,52.0,1.0,0.9914746284484863,0.6401200890541077,0.30507,0.39824
487.0,127.0,1.0,0.9952462911605835,0.629671573638916,0.45455,0.42657
488.0,52.0,1.0,0.9946455359458923,0.6428506970405579,0.39824,0.48714
488.0,127.0,1.0,0.9946948289871216,0.6374422311782837,0.42657,0.39583
489.0,123.0,1.0,0.9885338544845581,0.8812516927719116,0.69088,0.6576
489.0,52.0,1.0,0.993558943271637,0.6596167087554932,0.48714,0.58847
489.0,127.0,1.0,0.9904921054840088,0.8551214933395386,0.39583,0.36806
490.0,123.0,1.0,0.9970332384109497,0.883918821811676,0.6576,0.62697
490.0,127.0,1.0,0.9969573616981506,0.8709192276000977,0.36806,0.35172
491.0,123.0,1.0,0.9972110986709595,0.878699779510498,0.62697,0.6008
491.0,127.0,1.0,0.9977676272392273,0.8770533800125122,0.35172,0.33103
492.0,123.0,1.0,0.9936076998710632,0.8694336414337158,0.6008,0.60152
492.0,127.0,1.0,0.9950007200241089,0.8715121746063232,0.33103,0.32192
493.0,123.0,1.0,0.9940209984779358,0.8399536609649658,0.60152,0.60439
493.0,127.0,1.0,0.9949207901954651,0.8741413354873657,0.32192,0.31293
494.0,123.0,1.0,0.9874368906021118,0.8345744609832764,0.60439,0.6073
494.0,127.0,1.0,0.9915301203727722,0.8623974323272705,0.31293,0.30405
495.0,123.0,1.0,0.9972957372665405,0.777876615524292,0.6073,0.61024
495.0,53.0,1.0,0.9898267388343811,0.7869374752044678,0.30435,0.33333
496.0,123.0,1.0,0.9958702325820923,0.7880976796150208,0.61024,0.6141
496.0,53.0,1.0,0.9888565540313721,0.7888883352279663,0.33333,0.38667
497.0,123.0,1.0,0.996312141418457,0.8018996715545654,0.6141,0.63112
497.0,53.0,1.0,0.9895883798599243,0.794304609298706,0.38667,0.39474
498.0,123.0,1.0,0.9969626665115356,0.7890570163726807,0.63112,0.64962
498.0,53.0,1.0,0.990301251411438,0.7994959354400635,0.39474,0.39744
499.0,123.0,1.0,0.9954414367675781,0.7781707048416138,0.64962,0.66927
499.0,53.0,1.0,0.9935951828956604,0.7781896591186523,0.39744,0.43038
500.0,123.0,1.0,0.99564528465271,0.7746325731277466,0.66927,0.68376
500.0,53.0,1.0,0.9920979738235474,0.7726408243179321,0.43038,0.425
501.0,123.0,1.0,0.9932321310043335,0.7836349606513977,0.68376,0.68376
501.0,53.0,1.0,0.9884309768676758,0.7670909762382507,0.425,0.46835
502.0,123.0,1.0,0.9891043305397034,0.7759549617767334,0.68376,0.68376
502.0,53.0,1.0,0.9789175391197205,0.7743083834648132,0.46835,0.50649
503.0,123.0,1.0,0.9914757013320923,0.7794357538223267,0.68376,0.68279
503.0,53.0,1.0,0.9877513647079468,0.7903716564178467,0.50649,0.53947
504.0,123.0,1.0,0.9884700775146484,0.7973916530609131,0.68279,0.68279
504.0,53.0,1.0,0.9757002592086792,0.7868072986602783,0.53947,0.58108
505.0,123.0,1.0,0.9957299828529358,0.840063750743866,0.68279,0.68182
505.0,53.0,1.0,0.964704692363739,0.7915443181991577,0.58108,0.47887
505.0,54.0,1.0,0.9915452003479004,0.8483275175094604,0.30081,0.33577
506.0,123.0,1.0,0.9932790398597717,0.8616008758544922,0.68182,0.68182
506.0,53.0,1.0,0.9888483285903931,0.7523773908615112,0.47887,0.36232
506.0,54.0,1.0,0.9930438995361328,0.8823654651641846,0.33577,0.36184
507.0,123.0,1.0,0.9970459938049316,0.895319938659668,0.68182,0.68182
507.0,54.0,1.0,0.9942737221717834,0.8753879070281982,0.36184,0.39759
508.0,123.0,1.0,0.9897109270095825,0.8882750868797302,0.68182,0.68085
508.0,54.0,1.0,0.9903638362884521,0.8533002138137817,0.39759,0.43889
509.0,123.0,1.0,0.9923881888389587,0.8464798331260681,0.68085,0.68085
509.0,54.0,1.0,0.9892457127571106,0.8501491546630859,0.43889,0.4472
510.0,123.0,1.0,0.9913269877433777,0.8373268246650696,0.68085,0.67989
510.0,54.0,1.0,0.9927558898925781,0.8492203950881958,0.4472,0.46154
511.0,123.0,1.0,0.9926556944847107,0.845308780670166,0.67989,0.67989
511.0,54.0,1.0,0.984200656414032,0.847730278968811,0.46154,0.46774
512.0,123.0,1.0,0.9853813648223877,0.8044259548187256,0.67989,0.68182
512.0,54.0,1.0,0.9574161767959595,0.8551317453384399,0.46774,0.59048
513.0,123.0,1.0,0.989193320274353,-1.0,0.68182,0.68376
514.0,123.0,1.0,0.9893096685409546,-1.0,0.68376,0.68571
515.0,123.0,1.0,0.9701865911483765,-1.0,0.68571,0.68768
516.0,123.0,1.0,0.993692934513092,0.7635843753814697,0.68768,0.68966
516.0,54.0,1.0,0.9914419651031494,0.7535948157310486,0.68103,0.64706
517.0,123.0,1.0,0.9946373701095581,0.8781530857086182,0.68966,0.69065
517.0,54.0,1.0,0.9715743064880371,0.7640383243560791,0.64706,0.6
517.0,127.0,1.0,0.9789212942123413,0.9062230587005615,0.39759,0.48184
518.0,123.0,1.0,0.9950112104415894,0.8623087406158447,0.69065,0.69264
518.0,52.0,1.0,0.941687822341919,0.8530787229537964,0.6,0.45522
518.0,54.0,1.0,0.9841979742050171,0.7719765901565552,0.6,0.4876
518.0,127.0,1.0,0.9739170670509338,0.8906528949737549,0.48184,0.61868
519.0,123.0,1.0,0.9938143491744995,0.8414304256439209,0.69264,0.69465
519.0,52.0,1.0,0.9645986557006836,0.8652950525283813,0.45522,0.30303
519.0,54.0,1.0,0.984503984451294,0.7911636233329773,0.4876,0.3719
520.0,123.0,1.0,0.9857907891273499,0.7774211764335632,0.69465,0.69565
520.0,54.0,1.0,0.9897768497467041,0.7922289967536926,0.3719,0.33607
521.0,123.0,1.0,0.9853522777557373,0.7827767729759216,0.69565,0.69767
521.0,54.0,1.0,0.9898065328598022,0.7897064685821533,0.33607,0.36364
522.0,123.0,1.0,0.991889476776123,0.7828536629676819,0.69767,0.69971
522.0,54.0,1.0,0.9943090677261353,0.7727636098861694,0.36364,0.375
523.0,123.0,1.0,0.9871072769165039,0.7673091888427734,0.69971,0.68839
523.0,54.0,1.0,0.9917579889297485,0.7571653127670288,0.375,0.40678
524.0,123.0,1.0,0.9811176061630249,0.766945481300354,0.68839,0.64834
524.0,54.0,1.0,0.9829468131065369,0.7465724349021912,0.40678,0.47009
525.0,123.0,1.0,0.98674476146698,0.7687206268310547,0.64834,0.60805
525.0,54.0,1.0,0.9851807355880737,0.7582012414932251,0.47009,0.52252
526.0,123.0,1.0,0.9933363199234009,0.7789086103439331,0.60805,0.56753
526.0,54.0,1.0,0.9915488958358765,0.7606325149536133,0.52252,0.4717
527.0,56.0,1.0,0.8885841369628906,0.8754897713661194,0.30769,0.5814
527.0,123.0,1.0,0.9814369678497314,0.8051583766937256,0.56753,0.53517
527.0,54.0,1.0,0.9744778871536255,0.8139999508857727,0.4717,0.43
528.0,123.0,1.0,0.9881643652915955,0.774675726890564,0.53517,0.49959
528.0,51.0,1.0,0.9638146758079529,0.7678516507148743,0.38542,0.54167
528.0,54.0,1.0,0.9951331615447998,0.7792788743972778,0.43,0.38298
529.0,123.0,1.0,0.9888508319854736,0.7724776268005371,0.49959,0.46643
529.0,54.0,1.0,0.9928125739097595,0.7737044095993042,0.38298,0.40625
530.0,123.0,1.0,0.9903110265731812,0.752439022064209,0.46643,0.43088
530.0,54.0,1.0,0.9823885560035706,0.7747257947921753,0.40625,0.53571
531.0,123.0,1.0,0.9863181710243225,0.7614442706108093,0.43088,0.39601
531.0,54.0,1.0,0.9833397269248962,0.7855266332626343,0.53571,0.46465
532.0,123.0,1.0,0.9924508333206177,0.8031225204467773,0.39601,0.38051
532.0,54.0,1.0,0.9864522218704224,0.7595558762550354,0.46465,0.31
533.0,123.0,1.0,0.9851779341697693,-1.0,0.38051,0.36159
534.0,57.0,1.0,0.9763962626457214,0.855842113494873,0.35135,0.39024
534.0,123.0,1.0,0.9920845031738281,0.9032063484191895,0.36159,0.34435
534.0,52.0,1.0,0.9798678755760193,0.9264946579933167,0.43243,0.58716
535.0,57.0,1.0,0.9701335430145264,0.7680668830871582,0.39024,0.40909
535.0,123.0,1.0,0.9965736865997314,0.7688177824020386,0.34435,0.3234
539.0,57.0,1.0,0.9076948761940002,0.7324395179748535,0.40909,0.44681
539.0,123.0,1.0,0.995144248008728,0.6655838489532471,0.3234,0.30126
541.0,58.0,1.0,0.956864595413208,-1.0,0.41463,0.47727
542.0,56.0,1.0,0.9807409644126892,0.8148358464241028,0.66667,0.65625
542.0,58.0,1.0,0.9725620746612549,0.7470317482948303,0.47727,0.55319
542.0,51.0,1.0,0.9935343265533447,0.799884021282196,0.60194,0.44762
543.0,56.0,1.0,0.9866756200790405,0.8259052038192749,0.65625,0.58947
543.0,58.0,1.0,0.9695736169815063,0.7950880527496338,0.55319,0.6
543.0,51.0,1.0,0.9855246543884277,0.7880430221557617,0.44762,0.33028
544.0,56.0,1.0,0.9880951046943665,0.8128741383552551,0.58947,0.52632
544.0,58.0,1.0,0.9921590089797974,0.8272231221199036,0.6,0.67925
544.0,51.0,1.0,0.9931586980819702,0.760019063949585,0.33028,0.30357
546.0,56.0,1.0,0.9466702342033386,0.7094824910163879,0.52632,0.45045
546.0,51.0,1.0,0.9914288520812988,0.7194643020629883,0.30357,0.30702
547.0,51.0,1.0,0.9873174428939819,-1.0,0.30702,0.33333
548.0,51.0,1.0,0.993372917175293,-1.0,0.33333,0.38136
549.0,51.0,1.0,0.9795640707015991,-1.0,0.38136,0.33613
550.0,53.0,1.0,0.9917172193527222,-1.0,0.38571,0.51389
551.0,53.0,1.0,0.9799981117248535,-1.0,0.51389,0.58333
552.0,53.0,1.0,0.9880414009094238,-1.0,0.58333,0.57333
553.0,53.0,1.0,0.9950085878372192,-1.0,0.57333,0.51948
554.0,53.0,1.0,0.9903990030288696,-1.0,0.51948,0.47436
555.0,53.0,1.0,0.992877721786499,-1.0,0.47436,0.4375
557.0,61.0,1.0,0.9546167850494385,0.816897988319397,0.37209,0.6092
557.0,53.0,1.0,0.9500043392181396,0.8350743055343628,0.4375,0.33333
559.0,52.0,1.0,0.991035521030426,-1.0,0.69841,0.60526
560.0,57.0,1.0,0.9493238925933838,0.9158360958099365,0.67742,0.61017
560.0,52.0,1.0,0.971235990524292,0.8969212770462036,0.60526,0.63667
561.0,57.0,1.0,0.9764636754989624,0.8951518535614014,0.61017,0.5
561.0,52.0,1.0,0.9900088310241699,0.8727596402168274,0.63667,0.64899
562.0,52.0,1.0,0.96578049659729,-1.0,0.64899,0.32075
564.0,59.0,1.0,0.9862023591995239,-1.0,0.36667,0.49462
565.0,59.0,1.0,0.9815449714660645,-1.0,0.49462,0.56122
566.0,59.0,1.0,0.9795758724212646,-1.0,0.56122,0.66055
569.0,59.0,1.0,0.9889519810676575,0.829430341720581,0.66055,0.68966
569.0,53.0,1.0,0.9889669418334961,0.8282243013381958,0.4,0.39785
574.0,58.0,1.0,0.9902279376983643,0.7508479356765747,0.56582,0.38228
574.0,52.0,1.0,0.9068256616592407,0.8134786486625671,0.55556,0.424
576.0,59.0,1.0,0.9751532077789307,-1.0,0.69622,0.62386
577.0,59.0,1.0,0.9668027758598328,-1.0,0.62386,0.37651
581.0,53.0,1.0,0.989214301109314,-1.0,0.32773,0.37391
582.0,60.0,1.0,0.9724035859107971,0.8339316844940186,0.46939,0.69388
582.0,53.0,1.0,0.9863605499267578,0.8320506811141968,0.37391,0.42342
583.0,53.0,1.0,0.9870877861976624,-1.0,0.42342,0.42
584.0,52.0,1.0,0.9718326926231384,0.859122097492218,0.57812,0.44118
584.0,53.0,1.0,0.9722697138786316,0.8561562299728394,0.42,0.31944
585.0,52.0,1.0,0.958642303943634,-1.0,0.44118,0.32026
587.0,53.0,1.0,0.9893118143081665,-1.0,0.38235,0.50476
588.0,53.0,1.0,0.9886437654495239,-1.0,0.50476,0.47619
589.0,53.0,1.0,0.9878073930740356,-1.0,0.47619,0.60577
590.0,53.0,1.0,0.9850991368293762,-1.0,0.60577,0.5914
591.0,53.0,1.0,0.9818487167358398,-1.0,0.5914,0.5
592.0,53.0,1.0,0.9804385304450989,-1.0,0.5,0.40845
593.0,53.0,1.0,0.976380467414856,0.740729808807373,0.40845,0.41667
593.0,62.0,1.0,0.9482406973838806,0.77324378490448,0.30909,0.34545
594.0,53.0,1.0,0.959520697593689,0.7821208834648132,0.41667,0.39726
594.0,62.0,1.0,0.9418385028839111,0.8051100373268127,0.34545,0.35714
595.0,53.0,1.0,0.9920108914375305,0.8276519775390625,0.39726,0.39189
595.0,62.0,1.0,0.9633815288543701,0.8232601881027222,0.35714,0.40351
596.0,53.0,1.0,0.9822410941123962,0.8152756094932556,0.39189,0.37333
596.0,62.0,1.0,0.9652200937271118,0.8104718923568726,0.40351,0.41379
597.0,60.0,1.0,0.9670936465263367,0.8680482506752014,0.60825,0.49
597.0,62.0,1.0,0.9411395788192749,0.7948285341262817,0.41379,0.64062
598.0,60.0,1.0,0.9764260053634644,-1.0,0.49,0.43478
600.0,60.0,1.0,0.9802126288414001,-1.0,0.43478,0.30476
602.0,63.0,1.0,0.9837261438369751,-1.0,0.68096,0.57059
610.0,63.0,1.0,0.9771853685379028,-1.0,0.57059,0.49474
612.0,66.0,1.0,0.976969301700592,-1.0,0.35227,0.44828
613.0,66.0,1.0,0.9553508758544922,-1.0,0.44828,0.61176
617.0,62.0,1.0,0.9470906853675842,-1.0,0.60417,0.43
619.0,128.0,1.0,0.9771565198898315,-1.0,0.30882,0.32627
620.0,128.0,1.0,0.9778919219970703,-1.0,0.32627,0.34144
621.0,64.0,1.0,0.978813886642456,0.8436396718025208,0.69014,0.60274
621.0,65.0,1.0,0.9672752618789673,0.7902697324752808,0.33784,0.42857
621.0,128.0,1.0,0.9870481491088867,0.8353223204612732,0.34144,0.35805
622.0,64.0,1.0,0.9620538949966431,0.8530353903770447,0.60274,0.44737
622.0,65.0,1.0,0.9922032952308655,0.7679494619369507,0.42857,0.48052
622.0,128.0,1.0,0.9841694235801697,0.8318067193031311,0.35805,0.37541
623.0,128.0,1.0,0.9742856025695801,0.7946742177009583,0.37541,0.40472
623.0,65.0,1.0,0.9781084656715393,0.7464648485183716,0.48052,0.52439
624.0,128.0,1.0,0.9844911098480225,0.733161211013794,0.40472,0.43811
624.0,65.0,1.0,0.9763433337211609,0.7580845355987549,0.52439,0.58878
625.0,128.0,1.0,0.9926908016204834,0.7685956954956055,0.43811,0.47123
625.0,65.0,1.0,0.9877876043319702,0.7507115006446838,0.58878,0.3933
626.0,128.0,1.0,0.9849098920822144,-1.0,0.47123,0.50794
627.0,128.0,1.0,0.984512448310852,-1.0,0.50794,0.54281
628.0,128.0,1.0,0.9785831570625305,0.7848153710365295,0.54281,0.58519
628.0,68.0,1.0,0.9685727953910828,0.8266125321388245,0.43939,0.5
629.0,128.0,1.0,0.9710123538970947,0.8440179228782654,0.58519,0.62392
629.0,68.0,1.0,0.9113528728485107,0.8195013999938965,0.5,0.50746
632.0,128.0,1.0,0.9905445575714111,0.7353253364562988,0.62392,0.66978
632.0,68.0,1.0,0.9202184081077576,0.6965271234512329,0.50746,0.46479
634.0,127.0,1.0,0.9911173582077026,-1.0,0.69008,0.67024
635.0,127.0,1.0,0.989314079284668,-1.0,0.67024,0.65008
636.0,127.0,1.0,0.9951441287994385,-1.0,0.65008,0.62877
637.0,127.0,1.0,0.9974788427352905,-1.0,0.62877,0.63465
638.0,127.0,1.0,0.9988932609558105,-1.0,0.63465,0.64118
639.0,127.0,1.0,0.9982087016105652,-1.0,0.64118,0.64584
640.0,127.0,1.0,0.9885700941085815,-1.0,0.64584,0.64979
641.0,66.0,1.0,0.9813684225082397,0.7526366710662842,0.68919,0.68056
641.0,127.0,1.0,0.9981067776679993,0.7574048042297363,0.64979,0.65537
642.0,66.0,1.0,0.9883959293365479,0.7569804787635803,0.68056,0.66197
642.0,127.0,1.0,0.9960490465164185,0.7433825135231018,0.65537,0.66095
643.0,66.0,1.0,0.9840825796127319,0.7402527928352356,0.66197,0.5942
643.0,127.0,1.0,0.9974382519721985,0.7343569397926331,0.66095,0.66487
644.0,66.0,1.0,0.9810259938240051,0.728101372718811,0.5942,0.58209
644.0,127.0,1.0,0.9959840774536133,0.7375051975250244,0.66487,0.67043
645.0,66.0,1.0,0.9621255397796631,0.729616641998291,0.58209,0.54545
645.0,127.0,1.0,0.996809184551239,0.6839709877967834,0.67043,0.67599
646.0,66.0,1.0,0.9888657331466675,0.6757407188415527,0.54545,0.50769
646.0,127.0,1.0,0.9948532581329346,0.6730799674987793,0.67599,0.67897
647.0,66.0,1.0,0.9570062160491943,0.6725068092346191,0.50769,0.46875
647.0,127.0,1.0,0.997137188911438,0.7046360969543457,0.67897,0.68449
648.0,66.0,1.0,0.966701328754425,0.7101150751113892,0.46875,0.60317
648.0,127.0,1.0,0.9981417059898376,0.727986216545105,0.68449,0.69001
649.0,66.0,1.0,0.9829294085502625,0.7286831736564636,0.60317,0.62121
649.0,127.0,1.0,0.9994646310806274,0.7284704446792603,0.69001,0.69383
650.0,66.0,1.0,0.9817610383033752,0.7281342148780823,0.62121,0.57746
650.0,127.0,1.0,0.997307538986206,0.7362217903137207,0.69383,0.69934
651.0,66.0,1.0,0.9758183360099792,-1.0,0.57746,0.63014
652.0,66.0,1.0,0.9606093764305115,-1.0,0.63014,0.60526
653.0,66.0,1.0,0.9784097671508789,-1.0,0.60526,0.63158
654.0,66.0,1.0,0.9838727712631226,-1.0,0.63158,0.65333
655.0,66.0,1.0,0.982804536819458,-1.0,0.65333,0.55263
656.0,66.0,1.0,0.9713811874389648,-1.0,0.55263,0.60811
657.0,66.0,1.0,0.981310248374939,-1.0,0.60811,0.57746
658.0,66.0,1.0,0.9680172204971313,0.7159183025360107,0.57746,0.55224
658.0,127.0,1.0,0.9956133961677551,0.7439779043197632,0.69494,0.67763
659.0,66.0,1.0,0.9702065587043762,0.729462742805481,0.55224,0.44262
659.0,127.0,1.0,0.9924831390380859,0.7127465009689331,0.67763,0.66402
660.0,66.0,1.0,0.983673095703125,0.7133147120475769,0.44262,0.35088
660.0,127.0,1.0,0.9943894147872925,0.7068911790847778,0.66402,0.64697
661.0,66.0,1.0,0.982105553150177,0.7421690225601196,0.35088,0.38983
661.0,69.0,1.0,0.9858013391494751,0.7551862001419067,0.4697,0.64384
661.0,127.0,1.0,0.9958879351615906,0.7228128910064697,0.64697,0.63343
662.0,66.0,1.0,0.989357590675354,0.7184444665908813,0.38983,0.42623
662.0,127.0,1.0,0.9966813325881958,0.712844967842102,0.63343,0.61662
663.0,66.0,1.0,0.9846268892288208,0.709538996219635,0.42623,0.46774
663.0,127.0,1.0,0.9980666041374207,0.6970744132995605,0.61662,0.60315
664.0,66.0,1.0,0.9814110398292542,0.699691891670227,0.46774,0.48438
664.0,127.0,1.0,0.9962462782859802,0.7150354385375977,0.60315,0.58969
665.0,66.0,1.0,0.9939224720001221,0.7262893319129944,0.48438,0.49254
665.0,127.0,1.0,0.9985398054122925,0.7301810383796692,0.58969,0.57319
666.0,66.0,1.0,0.9716446399688721,0.7452096939086914,0.49254,0.51429
666.0,127.0,1.0,0.9961143136024475,0.7121449708938599,0.57319,0.5598
667.0,66.0,1.0,0.9734175205230713,0.7310464382171631,0.51429,0.49315
667.0,127.0,1.0,0.9901372194290161,0.6969484090805054,0.5598,0.54353
668.0,66.0,1.0,0.9740533828735352,0.7535707950592041,0.49315,0.44737
668.0,69.0,1.0,0.9888933300971985,0.7581498622894287,0.51726,0.37168
668.0,70.0,1.0,0.9829941987991333,0.7923657894134521,0.35556,0.41935
668.0,127.0,1.0,0.9845640063285828,0.8228569626808167,0.54353,0.53021
669.0,66.0,1.0,0.9695115685462952,0.7816374897956848,0.44737,0.47222
669.0,127.0,1.0,0.9924912452697754,0.7557773590087891,0.53021,0.51493
669.0,70.0,1.0,0.947435200214386,0.7964167594909668,0.41935,0.46154
669.0,71.0,1.0,0.9837028980255127,0.7956960201263428,0.36634,0.42857
670.0,66.0,1.0,0.9788021445274353,0.7931112051010132,0.47222,0.44776
670.0,127.0,1.0,0.9949396848678589,0.7791546583175659,0.51493,0.50505
670.0,70.0,1.0,0.9830909967422485,0.8143854141235352,0.46154,0.48315
670.0,71.0,1.0,0.9865926504135132,0.7640694379806519,0.42857,0.39815
671.0,66.0,1.0,0.9701224565505981,0.7773902416229248,0.44776,0.34921
671.0,127.0,1.0,0.9830694198608398,0.7374055981636047,0.50505,0.49448
671.0,70.0,1.0,0.9781175851821899,0.7889469861984253,0.48315,0.48276
671.0,71.0,1.0,0.9868216514587402,0.7696442604064941,0.39815,0.38393
672.0,66.0,1.0,0.9736417531967163,0.762330174446106,0.34921,0.43103
672.0,127.0,1.0,0.9825732111930847,0.7613114714622498,0.49448,0.48208
672.0,70.0,1.0,0.9890445470809937,0.7985202074050903,0.48276,0.54762
672.0,71.0,1.0,0.9810540080070496,0.7605454325675964,0.38393,0.49565
673.0,66.0,1.0,0.9597554802894592,0.7964299321174622,0.43103,0.57143
673.0,127.0,1.0,0.9956485033035278,0.7932026386260986,0.48208,0.48664
673.0,70.0,1.0,0.9850432276725769,0.801045298576355,0.54762,0.58621
673.0,71.0,1.0,0.9814491868019104,0.747473955154419,0.49565,0.68333
674.0,66.0,1.0,0.9691808223724365,0.8146451711654663,0.57143,0.56604
674.0,127.0,1.0,0.9835814237594604,0.8010393381118774,0.48664,0.48927
674.0,70.0,1.0,0.9832100868225098,0.8080227375030518,0.58621,0.62222
674.0,71.0,1.0,0.9598284959793091,0.7511485815048218,0.68333,0.54
675.0,66.0,1.0,0.9850248694419861,0.8052504062652588,0.56604,0.58824
675.0,127.0,1.0,0.9970829486846924,0.7918075323104858,0.48927,0.4919
675.0,70.0,1.0,0.9872437119483948,0.8161090016365051,0.62222,0.66667
675.0,71.0,1.0,0.9818565249443054,0.7685237526893616,0.54,0.38953
676.0,70.0,1.0,0.9764025807380676,0.7858791947364807,0.66667,0.6875
676.0,127.0,1.0,0.9882048964500427,0.777873694896698,0.4919,0.49345
677.0,70.0,1.0,0.9928509593009949,0.7824320793151855,0.6875,0.68367
677.0,127.0,1.0,0.9918568730354309,0.7651985883712769,0.49345,0.49498
678.0,127.0,1.0,0.9948006868362427,-1.0,0.49498,0.48461
679.0,127.0,1.0,0.9912616014480591,-1.0,0.48461,0.47181
680.0,66.0,1.0,0.9793664216995239,0.7390009760856628,0.62,0.66
680.0,127.0,1.0,0.9948022961616516,0.7745448350906372,0.47181,0.45556
681.0,72.0,1.0,0.9797726273536682,0.7795602083206177,0.36364,0.37805
681.0,66.0,1.0,0.977475106716156,0.7599631547927856,0.66,0.67925
681.0,127.0,1.0,0.995110809803009,0.7769984006881714,0.45556,0.4389
682.0,72.0,1.0,0.9644113779067993,0.7580407857894897,0.37805,0.39773
682.0,66.0,1.0,0.9770079851150513,0.7638033628463745,0.67925,0.69643
682.0,127.0,1.0,0.9906730055809021,0.7597842812538147,0.4389,0.42153
683.0,72.0,1.0,0.9495429396629333,0.8673322200775146,0.39773,0.4086
683.0,74.0,1.0,0.9199717044830322,0.8438915014266968,0.55556,0.33333
683.0,127.0,1.0,0.9977089166641235,0.7314807176589966,0.42153,0.40096
684.0,72.0,1.0,0.9883355498313904,0.702349841594696,0.4086,0.44898
684.0,127.0,1.0,0.9968323707580566,0.7200033664703369,0.40096,0.38123
685.0,72.0,1.0,0.9792881011962891,0.832184910774231,0.44898,0.49438
685.0,66.0,1.0,0.986212432384491,0.8313173055648804,0.45902,0.40678
685.0,127.0,1.0,0.9926568269729614,0.7554821968078613,0.38123,0.36053
686.0,72.0,1.0,0.9751160144805908,0.805992841720581,0.49438,0.55
686.0,66.0,1.0,0.9818297028541565,0.8195614218711853,0.40678,0.44828
686.0,127.0,1.0,0.9836665987968445,0.7524374723434448,0.36053,0.37164
687.0,66.0,1.0,0.9824901223182678,0.7450007796287537,0.44828,0.41071
687.0,127.0,1.0,0.9871536493301392,0.7624919414520264,0.37164,0.38077
688.0,66.0,1.0,0.9792701005935669,0.770351767539978,0.41071,0.38889
688.0,127.0,1.0,0.9880121350288391,0.7372366189956665,0.38077,0.39168
689.0,66.0,1.0,0.9823384881019592,0.748681366443634,0.38889,0.39286
689.0,127.0,1.0,0.9966986775398254,0.7405583262443542,0.39168,0.40052
690.0,66.0,1.0,0.9716943502426147,0.7331061363220215,0.39286,0.33333
690.0,127.0,1.0,0.9888079166412354,0.7312766313552856,0.40052,0.40881
691.0,127.0,1.0,0.9927434921264648,-1.0,0.40881,0.41884
692.0,74.0,1.0,0.9471225738525391,0.7596123218536377,0.625,0.45833
692.0,127.0,1.0,0.9861992597579956,0.7393242120742798,0.41884,0.42729
693.0,76.0,1.0,0.9444131851196289,0.6393929719924927,0.61111,0.53571
693.0,78.0,1.0,0.9762519598007202,0.7736305594444275,0.375,0.4
693.0,127.0,1.0,0.9903135299682617,0.7407516241073608,0.42729,0.43772
694.0,76.0,1.0,0.9568240642547607,0.6983558535575867,0.53571,0.46552
694.0,78.0,1.0,0.9773462414741516,0.7578716278076172,0.4,0.36585
694.0,127.0,1.0,0.9946820735931396,0.7191483974456787,0.43772,0.44591
695.0,76.0,1.0,0.9808658361434937,0.7092455625534058,0.46552,0.38983
695.0,77.0,1.0,0.9609187245368958,0.8518939018249512,0.33333,0.41509
695.0,78.0,1.0,0.9792365431785583,0.8140561580657959,0.36585,0.36585
695.0,127.0,1.0,0.9924353361129761,0.7837707996368408,0.44591,0.45381
696.0,76.0,1.0,0.975764811038971,0.6727801561355591,0.38983,0.32787
696.0,77.0,1.0,0.9898325204849243,0.7972003221511841,0.41509,0.52532
696.0,127.0,1.0,0.9945858716964722,0.7934582829475403,0.45381,0.46633
697.0,77.0,1.0,0.9797577261924744,0.7830915451049805,0.52532,0.50549
697.0,127.0,1.0,0.9925940036773682,0.7881199717521667,0.46633,0.47644
698.0,77.0,1.0,0.9657657146453857,0.7716487646102905,0.50549,0.47956
698.0,127.0,1.0,0.9959604144096375,0.7744784355163574,0.47644,0.48717
699.0,77.0,1.0,0.9461073875427246,0.7700326442718506,0.47956,0.40249
699.0,127.0,1.0,0.9925400018692017,0.7273427248001099,0.48717,0.49639
700.0,127.0,1.0,0.994037389755249,-1.0,0.49639,0.50687
701.0,65.0,1.0,0.9791086912155151,0.6927412152290344,0.64815,0.51786
701.0,127.0,1.0,0.9945709109306335,0.6746813058853149,0.50687,0.51662
702.0,65.0,1.0,0.9883438944816589,0.7192209959030151,0.51786,0.37931
702.0,74.0,1.0,0.9787740707397461,0.7251105308532715,0.67688,0.48824
702.0,127.0,1.0,0.99569171667099,0.7180938720703125,0.51662,0.5261
703.0,65.0,1.0,0.9893656969070435,0.678611695766449,0.37931,0.33333
703.0,127.0,1.0,0.9931738376617432,0.7453579902648926,0.5261,0.53568
703.0,79.0,1.0,0.9875147938728333,0.7287613153457642,0.35939,0.50882
704.0,127.0,1.0,0.9950157403945923,0.7252343893051147,0.53568,0.54568
704.0,79.0,1.0,0.9935619831085205,0.7229074835777283,0.50882,0.54109
705.0,80.0,1.0,0.9856520891189575,0.7809642553329468,0.32521,0.52292
705.0,127.0,1.0,0.9969030022621155,0.781026303768158,0.54568,0.55431
705.0,79.0,1.0,0.9734000563621521,0.7830798029899597,0.54109,0.46837
706.0,65.0,1.0,0.9887005090713501,0.7487137913703918,0.32787,0.35
706.0,127.0,1.0,0.9966269731521606,0.7652606964111328,0.55431,0.56407
706.0,79.0,1.0,0.979790210723877,0.7496232986450195,0.46837,0.60417
707.0,65.0,1.0,0.9810620546340942,0.7445856332778931,0.35,0.32759
707.0,127.0,1.0,0.9951345920562744,0.7183261513710022,0.56407,0.57333
708.0,127.0,1.0,0.9863711595535278,-1.0,0.57333,0.58287
709.0,127.0,1.0,0.9925418496131897,-1.0,0.58287,0.59198
710.0,127.0,1.0,0.9904153347015381,-1.0,0.59198,0.60046
711.0,80.0,1.0,0.9573816657066345,0.7018709182739258,0.648,0.47482
711.0,127.0,1.0,0.9929372072219849,0.6922230124473572,0.60046,0.60941
712.0,127.0,1.0,0.9958640336990356,-1.0,0.60941,0.61853
713.0,127.0,1.0,0.9926201105117798,-1.0,0.61853,0.62645
714.0,65.0,1.0,0.9901414513587952,0.7388815879821777,0.3125,0.34694
714.0,70.0,1.0,0.9888142943382263,0.7634960412979126,0.69091,0.6055
714.0,127.0,1.0,0.9907573461532593,0.7378764152526855,0.62645,0.63536
715.0,65.0,1.0,0.9859983921051025,0.7055462598800659,0.34694,0.4
715.0,70.0,1.0,0.9918776750564575,0.7441359758377075,0.6055,0.52336
715.0,127.0,1.0,0.9932783246040344,0.75218266248703,0.63536,0.64403
716.0,65.0,1.0,0.9845448732376099,0.6930907368659973,0.4,0.43137
716.0,70.0,1.0,0.9937059879302979,0.747685968875885,0.52336,0.5
716.0,127.0,1.0,0.9940230250358582,0.7588222622871399,0.64403,0.63978
717.0,65.0,1.0,0.9808194637298584,0.6880183815956116,0.43137,0.4
717.0,70.0,1.0,0.9844127893447876,0.7555768489837646,0.5,0.48571
717.0,127.0,1.0,0.9925583600997925,0.7515994310379028,0.63978,0.63553
718.0,65.0,1.0,0.9921666979789734,0.7349424362182617,0.4,0.52
718.0,70.0,1.0,0.9921055436134338,0.7412071228027344,0.48571,0.47115
718.0,127.0,1.0,0.9972243905067444,0.7615235447883606,0.63553,0.6302
719.0,65.0,1.0,0.9849206209182739,0.768189549446106,0.52,0.5102
719.0,70.0,1.0,0.9898399114608765,0.7437257170677185,0.47115,0.45098
719.0,127.0,1.0,0.9957813024520874,0.7603586316108704,0.6302,0.62594
720.0,65.0,1.0,0.9746252298355103,0.7798773050308228,0.5102,0.41752
720.0,70.0,1.0,0.9809720516204834,0.7725975513458252,0.45098,0.44554
720.0,127.0,1.0,0.9889367818832397,0.7346548438072205,0.62594,0.62058
721.0,65.0,1.0,0.9953597187995911,0.7980333566665649,0.41752,0.37585
721.0,82.0,1.0,0.9789528250694275,0.7767512798309326,0.3617,0.45833
721.0,70.0,1.0,0.9969387054443359,0.8011893033981323,0.44554,0.43137
721.0,127.0,1.0,0.9986929893493652,0.7666194438934326,0.62058,0.61441
722.0,65.0,1.0,0.9832493662834167,0.8168418407440186,0.37585,0.3353
722.0,70.0,1.0,0.9919159412384033,0.815669059753418,0.43137,0.43137
722.0,135.0,1.0,0.9741866588592529,0.7345708608627319,0.36364,0.52381
722.0,82.0,1.0,0.9785408973693848,0.7872276902198792,0.45833,0.5625
722.0,127.0,1.0,0.9970574975013733,0.7692092061042786,0.61441,0.60992
723.0,135.0,1.0,0.9877843856811523,0.7355575561523438,0.52381,0.63636
723.0,82.0,1.0,0.9738419055938721,0.7649718523025513,0.5625,0.63265
723.0,70.0,1.0,0.9971158504486084,0.7361228466033936,0.43137,0.42718
723.0,127.0,1.0,0.998826265335083,0.764336347579956,0.60992,0.60479
724.0,70.0,1.0,0.9935586452484131,0.7569311857223511,0.42718,0.41748
724.0,127.0,1.0,0.9972155094146729,0.7364592552185059,0.60479,0.60053
725.0,70.0,1.0,0.995182454586029,0.7436724305152893,0.41748,0.4466
725.0,127.0,1.0,0.9903678297996521,0.7550118565559387,0.60053,0.59514
726.0,81.0,1.0,0.9772630929946899,0.7487598657608032,0.63265,0.51993
726.0,70.0,1.0,0.9933421611785889,0.7437411546707153,0.4466,0.46154
726.0,127.0,1.0,0.9936282634735107,0.7618178129196167,0.59514,0.59088
727.0,81.0,1.0,0.9744843244552612,0.8219465017318726,0.51993,0.45385
727.0,82.0,1.0,0.9731625318527222,0.8411333560943604,0.68,0.66
727.0,70.0,1.0,0.9829381108283997,0.7637389898300171,0.46154,0.49038
727.0,127.0,1.0,0.9938725233078003,0.7641273736953735,0.59088,0.58448
728.0,130.0,1.0,0.9629569053649902,0.7296339273452759,0.52381,0.43315
728.0,70.0,1.0,0.9901636838912964,0.7658578157424927,0.49038,0.50962
728.0,127.0,1.0,0.9947990775108337,0.7352111339569092,0.58448,0.57939
729.0,130.0,1.0,0.9577236771583557,0.7065116167068481,0.43315,0.34249
729.0,70.0,1.0,0.9874539375305176,0.7496974468231201,0.50962,0.53846
729.0,127.0,1.0,0.9966213703155518,0.7407298684120178,0.57939,0.57479
730.0,130.0,1.0,0.9610413312911987,0.7128434181213379,0.34249,0.35165
730.0,70.0,1.0,0.98878014087677,0.7609606385231018,0.53846,0.56075
730.0,127.0,1.0,0.9956175088882446,0.7700327038764954,0.57479,0.5697
731.0,70.0,1.0,0.9914634823799133,0.7961398959159851,0.56075,0.57944
731.0,127.0,1.0,0.9941473007202148,0.7828395366668701,0.5697,0.56543
732.0,70.0,1.0,0.9944989681243896,0.8017666935920715,0.57944,0.60377
732.0,127.0,1.0,0.9943514466285706,0.800877034664154,0.56543,0.56079
733.0,82.0,1.0,0.9753022193908691,0.7344628572463989,0.67442,0.63636
733.0,70.0,1.0,0.9912325739860535,0.8118106722831726,0.60377,0.61682
733.0,127.0,1.0,0.9974274039268494,0.8061888813972473,0.56079,0.55398
734.0,70.0,1.0,0.9907350540161133,0.8044283390045166,0.61682,0.64762
734.0,127.0,1.0,0.997381865978241,0.8118751645088196,0.55398,0.5493
735.0,70.0,1.0,0.9864397048950195,0.7636829614639282,0.64762,0.66667
735.0,127.0,1.0,0.9898015260696411,0.8074479103088379,0.5493,0.54425
736.0,85.0,1.0,0.976090669631958,0.6949148178100586,0.37705,0.52542
736.0,70.0,1.0,0.9952065348625183,0.7609034776687622,0.66667,0.69524
736.0,127.0,1.0,0.9969908595085144,0.763664722442627,0.54425,0.53954
737.0,85.0,1.0,0.9881086945533752,0.6296786069869995,0.52542,0.625
737.0,127.0,1.0,0.9981008768081665,0.626781165599823,0.53954,0.53526
738.0,85.0,1.0,0.973689079284668,0.6341065764427185,0.625,0.68116
738.0,127.0,1.0,0.9977344870567322,0.6329290270805359,0.53526,0.53023
739.0,127.0,1.0,0.9968538284301758,-1.0,0.53023,0.52381
740.0,127.0,1.0,0.9965307712554932,-1.0,0.52381,0.5188
741.0,127.0,1.0,0.9946398735046387,-1.0,0.5188,0.51401
742.0,127.0,1.0,0.9956182837486267,-1.0,0.51401,0.50973
743.0,86.0,1.0,0.9898268580436707,0.6578595042228699,0.32173,0.35014
743.0,127.0,1.0,0.9969297051429749,0.6637418270111084,0.50973,0.50418
744.0,86.0,1.0,0.989641010761261,0.6467585563659668,0.35014,0.39973
744.0,127.0,1.0,0.9951183199882507,0.6737278699874878,0.50418,0.49989
745.0,127.0,1.0,0.9925655126571655,0.6758578419685364,0.49989,0.49276
745.0,86.0,1.0,0.9786893725395203,0.7374556064605713,0.39973,0.37471
745.0,87.0,1.0,0.9808907508850098,0.7004558444023132,0.32692,0.54237
746.0,127.0,1.0,0.997046947479248,0.689834713935852,0.49276,0.48848
746.0,86.0,1.0,0.9899571537971497,0.7062993049621582,0.37471,0.33793
746.0,87.0,1.0,0.9889709949493408,0.7169743776321411,0.54237,0.68182
747.0,86.0,1.0,0.9814388751983643,0.6948884725570679,0.33793,0.30605
747.0,127.0,1.0,0.9975044131278992,0.6616882085800171,0.48848,0.48419
748.0,86.0,1.0,0.9766311645507812,0.6595624089241028,0.30605,0.323
748.0,127.0,1.0,0.9928172826766968,0.6272718906402588,0.48419,0.4786
749.0,82.0,1.0,0.9893065690994263,0.7641081809997559,0.62745,0.58
749.0,85.0,1.0,0.9696452617645264,0.7388557195663452,0.66393,0.55944
749.0,86.0,1.0,0.9795928597450256,0.7984129190444946,0.323,0.35846
749.0,127.0,1.0,0.9956530928611755,0.7009022831916809,0.4786,0.47431
750.0,82.0,1.0,0.9889914989471436,0.7552758455276489,0.58,0.5
750.0,85.0,1.0,0.9749816656112671,0.7432460784912109,0.55944,0.5061
750.0,86.0,1.0,0.9748387932777405,0.7954460382461548,0.35846,0.39117
750.0,127.0,1.0,0.9986060261726379,0.7071191668510437,0.47431,0.4687
751.0,82.0,1.0,0.9818043112754822,0.7732815146446228,0.5,0.46939
751.0,85.0,1.0,0.9710655808448792,0.7213390469551086,0.5061,0.43243
751.0,86.0,1.0,0.976060152053833,0.7893308997154236,0.39117,0.4251
751.0,127.0,1.0,0.9961567521095276,0.7139313817024231,0.4687,0.46293
752.0,86.0,1.0,0.9882336854934692,0.6221540570259094,0.4251,0.6383
752.0,127.0,1.0,0.9974396824836731,0.5909976363182068,0.46293,0.45795
753.0,86.0,1.0,0.9857551455497742,0.6285008788108826,0.6383,0.6383
753.0,127.0,1.0,0.9893703460693359,0.6170632839202881,0.45795,0.45302
754.0,140.0,1.0,0.9121485948562622,0.8049169778823853,0.34615,0.64
754.0,84.0,1.0,0.8770098686218262,0.8050163388252258,0.59091,0.52273
754.0,86.0,1.0,0.9887783527374268,0.7936954498291016,0.6383,0.65217
754.0,127.0,1.0,0.9946085214614868,0.7278175354003906,0.45302,0.44872
755.0,84.0,1.0,0.9437114596366882,0.7766013145446777,0.52273,0.54167
755.0,86.0,1.0,0.9663850665092468,0.7295893430709839,0.65217,0.63238
755.0,127.0,1.0,0.9863614439964294,0.7047773599624634,0.44872,0.44307
756.0,86.0,1.0,0.9875096082687378,0.733443558216095,0.63238,0.64444
756.0,127.0,1.0,0.9899992346763611,0.7033491134643555,0.44307,0.43877
757.0,86.0,1.0,0.9777114987373352,0.7374302744865417,0.64444,0.59091
757.0,127.0,1.0,0.9871289730072021,0.7426292300224304,0.43877,0.43232
758.0,86.0,1.0,0.9841253161430359,0.7555244565010071,0.59091,0.64286
758.0,127.0,1.0,0.9851762652397156,0.7897996306419373,0.43232,0.42742
759.0,86.0,1.0,0.981597900390625,0.7902218103408813,0.64286,0.65854
759.0,127.0,1.0,0.9948512315750122,0.8059228658676147,0.42742,0.42232
760.0,86.0,1.0,0.9775063991546631,0.7932981252670288,0.65854,0.61538
760.0,127.0,1.0,0.9846309423446655,0.7897657155990601,0.42232,0.41743
761.0,86.0,1.0,0.973586916923523,0.7789071202278137,0.61538,0.5
761.0,127.0,1.0,0.9841791987419128,0.7719574570655823,0.41743,0.41313
762.0,97.0,1.0,0.9553551077842712,0.8994158506393433,0.58333,0.65789
762.0,127.0,1.0,0.9802907705307007,0.7821646928787231,0.41313,0.40798
762.0,86.0,1.0,0.9708034992218018,0.7581096887588501,0.5,0.54
762.0,87.0,1.0,0.9411266446113586,0.9172016382217407,0.60737,0.38168
763.0,86.0,1.0,0.9721439480781555,0.720983624458313,0.54,0.47273
763.0,127.0,1.0,0.9846444129943848,0.6987473964691162,0.40798,0.4018
764.0,86.0,1.0,0.9714308381080627,0.7102446556091309,0.47273,0.4
764.0,127.0,1.0,0.988447904586792,0.7216520309448242,0.4018,0.39663
765.0,127.0,1.0,0.9960348010063171,0.7521060109138489,0.39663,0.39177
765.0,86.0,1.0,0.9800909757614136,0.7697672843933105,0.4,0.30508
765.0,95.0,1.0,0.9850637912750244,0.7900691032409668,0.63333,0.46667
766.0,90.0,1.0,0.9643351435661316,0.776793897151947,0.45859,0.6383
766.0,86.0,1.0,0.9748004674911499,0.8487769365310669,0.30508,0.36207
766.0,127.0,1.0,0.9911216497421265,0.741938054561615,0.39177,0.38656
767.0,86.0,1.0,0.993138313293457,0.7389724254608154,0.36207,0.38596
767.0,127.0,1.0,0.9917365312576294,0.7515712976455688,0.38656,0.38224
768.0,127.0,1.0,0.9831193685531616,-1.0,0.38224,0.37739
769.0,127.0,1.0,0.985840380191803,-1.0,0.37739,0.37092
770.0,127.0,1.0,0.9699879884719849,-1.0,0.37092,0.3661
771.0,127.0,1.0,0.9863085746765137,-1.0,0.3661,0.3608
772.0,127.0,1.0,0.9733924269676208,-1.0,0.3608,0.35648
773.0,88.0,1.0,0.9830321073532104,0.685662031173706,0.58333,0.375
773.0,127.0,1.0,0.9789960384368896,0.6870483160018921,0.35648,0.35065
774.0,127.0,1.0,0.9865686893463135,-1.0,0.35065,0.34632
775.0,97.0,1.0,0.929337739944458,0.8320244550704956,0.42424,0.69697
775.0,127.0,1.0,0.9908114671707153,0.8010727167129517,0.34632,0.33936
776.0,97.0,1.0,0.9611128568649292,0.8512921929359436,0.69697,0.61765
776.0,83.0,1.0,0.9567058682441711,0.7568494081497192,0.52174,0.45455
776.0,92.0,1.0,0.992158055305481,0.9536035656929016,0.30583,0.3653
776.0,127.0,1.0,0.9939204454421997,0.9658974409103394,0.33936,0.3361
777.0,97.0,1.0,0.9447215795516968,0.8405552506446838,0.61765,0.67568
777.0,92.0,1.0,0.9829925894737244,0.9224287271499634,0.3653,0.43062
777.0,70.0,1.0,0.9920341968536377,0.7981970310211182,0.67347,0.53125
777.0,127.0,1.0,0.9813806414604187,0.9304953813552856,0.3361,0.3318
778.0,97.0,1.0,0.9692543745040894,0.8412734866142273,0.67568,0.525
778.0,70.0,1.0,0.9859537482261658,0.8663575649261475,0.53125,0.40426
778.0,88.0,1.0,0.9480901956558228,0.8682408332824707,0.41304,0.53333
778.0,92.0,1.0,0.9737730026245117,0.879559338092804,0.43062,0.5
778.0,127.0,1.0,0.9828102588653564,0.8823641538619995,0.3318,0.32647
779.0,97.0,1.0,0.9644168615341187,0.846734344959259,0.525,0.38095
779.0,91.0,1.0,0.9842092990875244,0.8564478754997253,0.43478,0.63636
779.0,92.0,1.0,0.982460618019104,0.8438252210617065,0.5,0.56915
779.0,127.0,1.0,0.9840991497039795,0.877228856086731,0.32647,0.32647
780.0,97.0,1.0,0.9455705881118774,0.8274350762367249,0.38095,0.35556
780.0,82.0,1.0,0.9766517281532288,0.7086279988288879,0.32432,0.48649
780.0,92.0,1.0,0.9823189973831177,0.843704104423523,0.56915,0.65537
780.0,127.0,1.0,0.9849309921264648,0.8671783208847046,0.32647,0.32538
781.0,82.0,1.0,0.989642858505249,0.6995513439178467,0.48649,0.44737
781.0,92.0,1.0,0.988115131855011,0.833126425743103,0.65537,0.69886
781.0,127.0,1.0,0.9926462173461914,0.8641902208328247,0.32538,0.32428
782.0,82.0,1.0,0.982323944568634,0.7624691128730774,0.44737,0.41026
782.0,91.0,1.0,0.9665428400039673,0.7812212705612183,0.63636,0.6087
782.0,94.0,1.0,0.9856124520301819,0.7549657821655273,0.33333,0.48438
782.0,127.0,1.0,0.9882178902626038,0.7352017164230347,0.32428,0.32428
783.0,91.0,1.0,0.9715351462364197,0.7483983635902405,0.6087,0.52
783.0,94.0,1.0,0.9833442568778992,0.7613692283630371,0.48438,0.58824
783.0,127.0,1.0,0.9940398931503296,0.7573100328445435,0.32428,0.32318
784.0,127.0,1.0,0.9944674372673035,-1.0,0.32318,0.32251
785.0,127.0,1.0,0.9909251928329468,-1.0,0.32251,0.32139
786.0,127.0,1.0,0.9953485131263733,0.6757206320762634,0.32139,0.32139
786.0,95.0,1.0,0.9627496004104614,0.6696235537528992,0.60976,0.4359
787.0,127.0,1.0,0.9939404726028442,-1.0,0.32139,0.32026
788.0,127.0,1.0,0.9974157810211182,-1.0,0.32026,0.31913
789.0,96.0,1.0,0.9404519200325012,0.8244048357009888,0.41667,0.64865
789.0,127.0,1.0,0.9970517158508301,0.7570596933364868,0.31913,0.31842
790.0,127.0,1.0,0.995124101638794,-1.0,0.31842,0.31842
791.0,109.0,1.0,0.9252861738204956,0.765988290309906,0.36364,0.52632
791.0,127.0,1.0,0.9962882995605469,0.7922008037567139,0.31842,0.31727
792.0,109.0,1.0,0.9350324869155884,0.8152455687522888,0.52632,0.45303
792.0,127.0,1.0,0.9893990755081177,0.7652813196182251,0.31727,0.31507
793.0,109.0,1.0,0.941184401512146,0.7780508399009705,0.45303,0.44563
793.0,127.0,1.0,0.9885910153388977,0.797818124294281,0.31507,0.3139
794.0,109.0,1.0,0.9010559916496277,0.8644274473190308,0.44563,0.5
794.0,92.0,1.0,0.9844897985458374,0.9137265086174011,0.657,0.64251
794.0,93.0,1.0,0.9932358264923096,0.9373452067375183,0.63559,0.65
794.0,127.0,1.0,0.9737498164176941,0.8038976788520813,0.3139,0.3139
795.0,99.0,1.0,0.9566671848297119,0.8997607231140137,0.30435,0.36364
795.0,109.0,1.0,0.9301234483718872,0.8819118142127991,0.5,0.54545
795.0,127.0,1.0,0.9844775199890137,0.7962595224380493,0.3139,0.31316
796.0,128.0,1.0,0.9898607134819031,0.8610317707061768,0.66667,0.65385
796.0,99.0,0.0,0.9141000509262085,0.8701962828636169,0.36364,0.47619
796.0,109.0,1.0,0.9593321084976196,0.859689474105835,0.54545,0.56522
796.0,94.0,1.0,0.9696494340896606,0.8629841804504395,0.65429,0.43738
796.0,127.0,1.0,0.9882776737213135,0.8130202293395996,0.31316,0.31198
797.0,128.0,1.0,0.995032012462616,0.8814473152160645,0.65385,0.65823
797.0,99.0,1.0,0.9495086669921875,0.8802357912063599,0.47619,0.52174
797.0,109.0,1.0,0.9492045640945435,0.8703122138977051,0.56522,0.54167
797.0,127.0,1.0,0.9837132096290588,0.8274792432785034,0.31198,0.31079
798.0,99.0,1.0,0.9854737520217896,0.8585936427116394,0.52174,0.56
798.0,109.0,1.0,0.9726435542106628,0.8760387301445007,0.54167,0.56
798.0,127.0,1.0,0.9848872423171997,0.8379021286964417,0.31079,0.31079
799.0,97.0,1.0,0.9842469692230225,0.8982667922973633,0.63158,0.69231
799.0,109.0,1.0,0.9695967435836792,0.8863421082496643,0.56,0.55015
799.0,127.0,1.0,0.9756752848625183,0.7553255558013916,0.31079,0.30958
800.0,97.0,1.0,0.9881657361984253,0.8897851705551147,0.69231,0.65
800.0,109.0,1.0,0.9759719371795654,0.9021079540252686,0.55015,0.51898
800.0,92.0,1.0,0.9919071793556213,0.8863472938537598,0.65657,0.67016
800.0,93.0,1.0,0.9847900867462158,0.8909906148910522,0.68217,0.67939
800.0,127.0,1.0,0.9924436807632446,0.8799479603767395,0.30958,0.30881
801.0,97.0,1.0,0.9926179051399231,0.9106426239013672,0.65,0.64103
801.0,109.0,1.0,0.9830804467201233,0.8977545499801636,0.51898,0.43249
801.0,92.0,1.0,0.9925186634063721,0.8920398354530334,0.67016,0.65686
801.0,93.0,1.0,0.9957570433616638,0.8676285743713379,0.67939,0.69841
801.0,127.0,1.0,0.9918723106384277,0.8718813061714172,0.30881,0.30759
802.0,128.0,1.0,0.9939099550247192,0.8647602796554565,0.67105,0.53165
802.0,97.0,1.0,0.9852991104125977,0.894006609916687,0.64103,0.65789
802.0,109.0,1.0,0.9875117540359497,0.9028934240341187,0.43249,0.35799
802.0,127.0,1.0,0.995640754699707,0.752508282661438,0.30759,0.30759
803.0,128.0,1.0,0.989700436592102,0.8691928386688232,0.53165,0.51807
803.0,97.0,1.0,0.9821820259094238,0.8652300238609314,0.65789,0.62162
803.0,127.0,1.0,0.9857352375984192,0.7578042149543762,0.30759,0.30636
804.0,97.0,1.0,0.9809396266937256,0.9166646003723145,0.62162,0.61111
804.0,98.0,1.0,0.9677964448928833,0.8937103748321533,0.68182,0.6087
804.0,127.0,1.0,0.98557448387146,0.758517861366272,0.30636,0.30513
805.0,97.0,1.0,0.9897236227989197,0.9473406076431274,0.61111,0.61538
805.0,98.0,1.0,0.9558374881744385,0.924156665802002,0.6087,0.34783
805.0,127.0,1.0,0.9776736497879028,0.762003481388092,0.30513,0.30327
806.0,97.0,1.0,0.9839566946029663,-1.0,0.61538,0.63415
807.0,97.0,1.0,0.9703460931777954,-1.0,0.63415,0.65909
808.0,97.0,1.0,0.9741019010543823,0.898396372795105,0.65909,0.67391
808.0,92.0,1.0,0.9945541024208069,0.894929051399231,0.57384,0.59414
809.0,97.0,1.0,0.9756700396537781,0.9024828672409058,0.67391,0.65217
809.0,92.0,1.0,0.9972079396247864,0.8923326730728149,0.59414,0.59746
810.0,97.0,1.0,0.9871423840522766,0.8815357089042664,0.65217,0.55319
810.0,92.0,1.0,0.992522656917572,0.8921371698379517,0.59746,0.56432
811.0,97.0,1.0,0.9801856875419617,0.8866103887557983,0.55319,0.53191
811.0,92.0,1.0,0.9932652115821838,0.8862690329551697,0.56432,0.5813
811.0,101.0,1.0,0.9843527674674988,0.8549900054931641,0.64,0.69231
812.0,97.0,1.0,0.9767528772354126,0.8594980239868164,0.53191,0.48936
812.0,98.0,1.0,0.968886137008667,0.7370948791503906,0.3913,0.54348
813.0,97.0,1.0,0.9894198775291443,0.8298754096031189,0.48936,0.51064
813.0,98.0,1.0,0.9818909168243408,0.8198724985122681,0.54348,0.56522
814.0,97.0,1.0,0.9880387187004089,0.8602544069290161,0.51064,0.5625
814.0,98.0,1.0,0.9838630557060242,0.8449788093566895,0.56522,0.54348
815.0,97.0,1.0,0.9785988330841064,0.8666803240776062,0.5625,0.60417
815.0,98.0,1.0,0.9794756770133972,0.8327572345733643,0.54348,0.56522
816.0,97.0,1.0,0.9929240942001343,0.8447871208190918,0.60417,0.64583
816.0,98.0,1.0,0.9907604455947876,0.8304851651191711,0.56522,0.54348
817.0,97.0,1.0,0.9930673837661743,0.8458548784255981,0.64583,0.66667
817.0,98.0,1.0,0.9563772082328796,0.8918470144271851,0.54348,0.5814
817.0,103.0,1.0,0.9784902334213257,0.8524335026741028,0.45134,0.66301
818.0,97.0,1.0,0.9868438839912415,0.8326911926269531,0.66667,0.6875
818.0,98.0,1.0,0.9772612452507019,0.8765279650688171,0.5814,0.69643
818.0,103.0,1.0,0.9847815036773682,0.88893723487854,0.66301,0.66389
819.0,98.0,1.0,0.9661419987678528,0.8961300253868103,0.69643,0.48529
819.0,103.0,1.0,0.9663116931915283,0.8959791660308838,0.66389,0.61765
820.0,109.0,1.0,0.9806532859802246,0.7278770804405212,0.31311,0.36111
820.0,103.0,1.0,0.9728235006332397,0.747409999370575,0.61765,0.61529
821.0,109.0,1.0,0.9784184694290161,0.843213677406311,0.36111,0.36842
821.0,70.0,1.0,0.9846372604370117,0.8179696798324585,0.34043,0.31579
821.0,103.0,1.0,0.986853301525116,0.8052489757537842,0.61529,0.55475
822.0,109.0,1.0,0.9820031523704529,0.8090664148330688,0.36842,0.35
822.0,93.0,1.0,0.9882087707519531,0.8174099922180176,0.32674,0.40321
822.0,70.0,1.0,0.9670043587684631,0.8508650064468384,0.31579,0.43158
822.0,103.0,1.0,0.9687477350234985,0.8158624172210693,0.55475,0.52811
823.0,109.0,1.0,0.9789979457855225,0.8233720064163208,0.35,0.41463
823.0,93.0,1.0,0.9879887104034424,0.8167446851730347,0.40321,0.34627
823.0,70.0,1.0,0.9776566028594971,0.853725790977478,0.43158,0.54639
823.0,103.0,1.0,0.9880017042160034,0.8188320398330688,0.52811,0.50911
824.0,109.0,1.0,0.9806164503097534,0.801579475402832,0.41463,0.4186
824.0,70.0,1.0,0.9831290245056152,0.8039354681968689,0.54639,0.69072
824.0,103.0,1.0,0.9822210073471069,0.8341203927993774,0.50911,0.45893
825.0,97.0,1.0,0.9906606078147888,0.8324463367462158,0.67308,0.59259
825.0,109.0,1.0,0.9816625118255615,0.8404637575149536,0.4186,0.31184
825.0,103.0,1.0,0.9837279319763184,0.7952917218208313,0.45893,0.5145
826.0,104.0,1.0,0.9824630618095398,0.890484094619751,0.38636,0.46667
826.0,97.0,1.0,0.9592779874801636,0.8567795753479004,0.59259,0.53571
826.0,109.0,1.0,0.967699408531189,0.8417959213256836,0.31184,0.30435
826.0,103.0,1.0,0.9687446355819702,0.9033125638961792,0.5145,0.58673
827.0,104.0,1.0,0.9833962321281433,0.8790000677108765,0.46667,0.5
827.0,97.0,1.0,0.9822522401809692,0.7918703556060791,0.53571,0.47368
827.0,100.0,1.0,0.992467999458313,0.9240421652793884,0.66154,0.55556
827.0,103.0,1.0,0.9920809268951416,0.920413076877594,0.58673,0.6624
828.0,104.0,1.0,0.9835163354873657,0.747372567653656,0.5,0.55
828.0,97.0,1.0,0.9422333240509033,0.747220516204834,0.47368,0.52542
829.0,104.0,1.0,0.9916270971298218,0.6951720118522644,0.55,0.56098
829.0,97.0,1.0,0.9754822850227356,0.8660807609558105,0.52542,0.38596
829.0,92.0,1.0,0.9887849688529968,0.854945957660675,0.63393,0.50609
830.0,104.0,1.0,0.9938765168190002,0.6865533590316772,0.56098,0.61905
830.0,97.0,1.0,0.9737783074378967,0.844507098197937,0.38596,0.32812
830.0,92.0,1.0,0.9946504831314087,0.8046379685401917,0.50609,0.48833
831.0,92.0,1.0,0.9918344020843506,-1.0,0.48833,0.39677
834.0,92.0,1.0,0.9572646021842957,-1.0,0.39677,0.38076
836.0,128.0,1.0,0.9898289442062378,0.7426813840866089,0.69863,0.63014
836.0,97.0,1.0,0.95298171043396,0.747435450553894,0.66176,0.66667
