2.0,21.0,1.0,0.9907016158103943,-1.0,0.5873,0.58065
3.0,21.0,1.0,0.9943346977233887,-1.0,0.58065,0.57377
4.0,21.0,1.0,0.9925087094306946,0.6637376546859741,0.57377,0.55
4.0,23.0,1.0,0.9936637878417969,0.6502360105514526,0.30687,0.32035
5.0,21.0,1.0,0.995543897151947,0.6572616696357727,0.55,0.53448
5.0,23.0,1.0,0.9969768524169922,0.6727209687232971,0.32035,0.33406
6.0,21.0,1.0,0.983104944229126,0.6589050889015198,0.53448,0.5614
6.0,23.0,1.0,0.9948607087135315,0.6968421339988708,0.33406,0.34802
7.0,20.0,1.0,0.9970037341117859,0.733178973197937,0.3125,0.32919
7.0,21.0,1.0,0.9943844676017761,0.6822794675827026,0.5614,0.5614
7.0,23.0,1.0,0.9982976913452148,0.7338720560073853,0.34802,0.36222
8.0,20.0,1.0,0.9976341724395752,0.7332668304443359,0.32919,0.34161
8.0,23.0,1.0,0.9989259243011475,0.7350407838821411,0.36222,0.37584
9.0,20.0,1.0,0.9950013756752014,0.7271583080291748,0.34161,0.35802
9.0,23.0,1.0,0.9952263832092285,0.7314038872718811,0.37584,0.39052
10.0,20.0,1.0,0.9976325035095215,0.7257426977157593,0.35802,0.37037
10.0,23.0,1.0,0.9982560276985168,0.7288833856582642,0.39052,0.40547
11.0,20.0,1.0,0.9974957704544067,0.7346991300582886,0.37037,0.38272
11.0,23.0,1.0,0.9980741143226624,0.7306125164031982,0.40547,0.42069
12.0,20.0,1.0,0.9959532618522644,0.7409877777099609,0.38272,0.39877
12.0,23.0,1.0,0.99480801820755,0.7375109195709229,0.42069,0.43619
13.0,20.0,1.0,0.9962821006774902,0.7239835262298584,0.39877,0.41104
13.0,23.0,1.0,0.9948104023933411,0.738261342048645,0.43619,0.45199
14.0,20.0,1.0,0.9910552501678467,0.6894258260726929,0.41104,0.42683
14.0,23.0,1.0,0.993456244468689,0.7170132398605347,0.45199,0.46809
15.0,20.0,1.0,0.9916064739227295,0.6843361854553223,0.42683,0.43902
15.0,23.0,1.0,0.9955804347991943,0.6702660918235779,0.46809,0.48449
16.0,20.0,1.0,0.9906260967254639,0.6742865443229675,0.43902,0.45455
16.0,23.0,1.0,0.9957152009010315,0.670208752155304,0.48449,0.51059
17.0,20.0,1.0,0.990308403968811,0.6852909922599792,0.45455,0.46667
17.0,23.0,1.0,0.9959906339645386,0.7055554389953613,0.51059,0.53828
18.0,20.0,1.0,0.9896539449691772,0.7257142066955566,0.46667,0.48193
18.0,23.0,1.0,0.997672438621521,0.7522677183151245,0.53828,0.56522
19.0,20.0,1.0,0.9805006384849548,0.7721912264823914,0.48193,0.49398
19.0,23.0,1.0,0.9955890774726868,0.7852331399917603,0.56522,0.5905
20.0,20.0,1.0,0.9875364303588867,0.7907342910766602,0.49398,0.50602
20.0,23.0,1.0,0.994187593460083,0.8109250068664551,0.5905,0.61607
21.0,20.0,1.0,0.9955592155456543,0.8025881052017212,0.50602,0.52096
21.0,23.0,1.0,0.9956356883049011,0.8018544912338257,0.61607,0.64097
22.0,20.0,1.0,0.9865435361862183,0.7868684530258179,0.52096,0.53293
22.0,23.0,1.0,0.993452787399292,0.7710052728652954,0.64097,0.66449
23.0,20.0,1.0,0.9926210641860962,0.76075279712677,0.53293,0.54762
23.0,23.0,1.0,0.9963358044624329,0.7743065357208252,0.66449,0.68817
24.0,20.0,1.0,0.9801088571548462,-1.0,0.54762,0.55952
25.0,20.0,1.0,0.9923734068870544,-1.0,0.55952,0.57396
26.0,1.0,1.0,0.9883224964141846,0.5742553472518921,0.59813,0.48113
26.0,20.0,1.0,0.9921123385429382,0.6204051971435547,0.57396,0.5858
27.0,1.0,1.0,0.9882832169532776,0.591080904006958,0.48113,0.36792
27.0,20.0,1.0,0.9792919158935547,0.5969981551170349,0.5858,0.6
28.0,20.0,1.0,0.9929571747779846,-1.0,0.6,0.61176
29.0,20.0,1.0,0.9897865056991577,-1.0,0.61176,0.62573
30.0,20.0,1.0,0.9960914850234985,-1.0,0.62573,0.63743
31.0,20.0,1.0,0.9959379434585571,0.6120378375053406,0.63743,0.64912
31.0,21.0,1.0,0.9988271594047546,0.5975657105445862,0.45283,0.43396
32.0,20.0,1.0,0.9851787090301514,0.5926060676574707,0.64912,0.66279
32.0,21.0,1.0,0.9974462985992432,0.5643044710159302,0.43396,0.43396
33.0,20.0,1.0,0.9947720170021057,0.5557160377502441,0.66279,0.67442
33.0,21.0,1.0,0.9983606338500977,0.5461463928222656,0.43396,0.41509
34.0,20.0,1.0,0.9942601323127747,0.545050323009491,0.67442,0.68786
34.0,21.0,1.0,0.9978828430175781,0.5468969345092773,0.41509,0.39623
35.0,20.0,1.0,0.996320366859436,0.5509782433509827,0.68786,0.69942
35.0,21.0,1.0,0.997600257396698,0.5538042783737183,0.39623,0.40385
36.0,21.0,1.0,0.9982301592826843,-1.0,0.40385,0.42308
37.0,21.0,1.0,0.9978940486907959,-1.0,0.42308,0.42308
38.0,21.0,1.0,0.998711347579956,-1.0,0.42308,0.44231
39.0,21.0,1.0,0.9986793398857117,-1.0,0.44231,0.44231
40.0,21.0,1.0,0.9987317323684692,-1.0,0.44231,0.46154
41.0,21.0,1.0,0.9992137551307678,-1.0,0.46154,0.46154
42.0,21.0,1.0,0.9982303977012634,-1.0,0.46154,0.48077
43.0,21.0,1.0,0.9986294507980347,-1.0,0.48077,0.48077
44.0,21.0,1.0,0.9991101622581482,-1.0,0.48077,0.5
45.0,21.0,1.0,0.9987083673477173,-1.0,0.5,0.5
46.0,21.0,1.0,0.9996463060379028,-1.0,0.5,0.51923
47.0,21.0,1.0,0.9995015263557434,-1.0,0.51923,0.51923
48.0,21.0,1.0,0.9993293881416321,-1.0,0.51923,0.53846
49.0,21.0,1.0,0.9989575147628784,-1.0,0.53846,0.53846
50.0,21.0,1.0,0.9997496604919434,-1.0,0.53846,0.55769
51.0,21.0,1.0,0.9992236495018005,-1.0,0.55769,0.53846
52.0,21.0,1.0,0.9995594024658203,-1.0,0.53846,0.53846
53.0,21.0,1.0,0.9991889595985413,-1.0,0.53846,0.53846
54.0,21.0,1.0,0.9990336894989014,-1.0,0.53846,0.53846
55.0,21.0,1.0,0.9996766448020935,-1.0,0.53846,0.53846
56.0,1.0,1.0,0.9864898324012756,0.5038178563117981,0.49167,0.67769
56.0,21.0,1.0,0.999517560005188,0.4980054497718811,0.53846,0.53846
57.0,21.0,1.0,0.9970901012420654,-1.0,0.53846,0.54902
58.0,21.0,1.0,0.9993883967399597,-1.0,0.54902,0.54902
59.0,21.0,1.0,0.9988924860954285,-1.0,0.54902,0.54902
60.0,21.0,1.0,0.9992583990097046,-1.0,0.54902,0.54902
61.0,21.0,1.0,0.9996390342712402,-1.0,0.54902,0.54902
62.0,21.0,1.0,0.999398946762085,-1.0,0.54902,0.54902
63.0,21.0,1.0,0.9993453621864319,-1.0,0.54902,0.52941
64.0,21.0,1.0,0.999613881111145,-1.0,0.52941,0.52941
65.0,21.0,1.0,0.9993100166320801,-1.0,0.52941,0.52941
66.0,21.0,1.0,0.9996123909950256,-1.0,0.52941,0.52941
67.0,21.0,1.0,0.9996504187583923,-1.0,0.52941,0.52941
68.0,21.0,1.0,0.9993425607681274,-1.0,0.52941,0.52941
69.0,21.0,1.0,0.9993366003036499,-1.0,0.52941,0.52941
70.0,21.0,1.0,0.9994743466377258,-1.0,0.52941,0.52941
71.0,21.0,1.0,0.9996169805526733,-1.0,0.52941,0.52941
72.0,21.0,1.0,0.9994640350341797,-1.0,0.52941,0.52941
73.0,21.0,1.0,0.9995211958885193,-1.0,0.52941,0.52941
74.0,21.0,1.0,0.9994592666625977,-1.0,0.52941,0.52941
75.0,21.0,1.0,0.9997907876968384,-1.0,0.52941,0.5098
76.0,21.0,1.0,0.9993792176246643,-1.0,0.5098,0.5098
77.0,16.0,1.0,0.9810816645622253,0.6423581838607788,0.33898,0.37288
77.0,21.0,1.0,0.9996767640113831,0.6380131244659424,0.5098,0.5098
78.0,16.0,1.0,0.9754230976104736,0.6320897936820984,0.37288,0.32203
78.0,21.0,1.0,0.9997459650039673,0.6131645441055298,0.5098,0.5098
79.0,21.0,1.0,0.9978843927383423,-1.0,0.5098,0.5
80.0,21.0,1.0,0.9986783266067505,-1.0,0.5,0.5
81.0,21.0,1.0,0.9995094537734985,-1.0,0.5,0.5
82.0,21.0,1.0,0.999396800994873,-1.0,0.5,0.5
83.0,21.0,1.0,0.9993757009506226,-1.0,0.5,0.4902
84.0,21.0,1.0,0.9986670017242432,-1.0,0.4902,0.4902
85.0,21.0,1.0,0.9996045231819153,-1.0,0.4902,0.4902
86.0,21.0,1.0,0.9994702935218811,-1.0,0.4902,0.4902
87.0,21.0,1.0,0.9993047714233398,-1.0,0.4902,0.46154
88.0,21.0,1.0,0.9993221163749695,-1.0,0.46154,0.46154
89.0,21.0,1.0,0.998410165309906,0.7803694009780884,0.46154,0.46154
89.0,22.0,1.0,0.9941458702087402,0.7890588045120239,0.6747,0.60241
90.0,21.0,1.0,0.9995070695877075,0.7850471138954163,0.46154,0.45283
90.0,22.0,1.0,0.9968361854553223,0.7842747569084167,0.60241,0.57831
91.0,21.0,1.0,0.9996415376663208,0.7839909791946411,0.45283,0.45283
91.0,22.0,1.0,0.9968568086624146,0.7846773862838745,0.57831,0.55422
92.0,21.0,1.0,0.9991322159767151,0.7655755281448364,0.45283,0.45283
92.0,22.0,1.0,0.9867407083511353,0.7853775024414062,0.55422,0.54217
93.0,21.0,1.0,0.9993932247161865,0.751160740852356,0.45283,0.45283
93.0,22.0,1.0,0.9863077998161316,0.7667654752731323,0.54217,0.51807
94.0,21.0,1.0,0.9973591566085815,0.7528830170631409,0.45283,0.44444
94.0,22.0,1.0,0.9843166470527649,0.7562405467033386,0.51807,0.49398
95.0,21.0,1.0,0.9992969036102295,0.745795726776123,0.44444,0.44444
95.0,22.0,1.0,0.9825093746185303,0.7568073272705078,0.49398,0.48193
96.0,21.0,1.0,0.9987836480140686,0.7475440502166748,0.44444,0.44444
96.0,22.0,1.0,0.9908689260482788,0.7436175346374512,0.48193,0.45783
97.0,21.0,1.0,0.9983870387077332,0.7544611692428589,0.44444,0.43636
97.0,22.0,1.0,0.9641580581665039,0.7552153468132019,0.45783,0.43373
98.0,21.0,1.0,0.9989973306655884,0.7570556402206421,0.43636,0.43636
98.0,22.0,1.0,0.9955246448516846,0.7657312154769897,0.43373,0.42169
99.0,21.0,1.0,0.9977443218231201,0.7544577121734619,0.43636,0.43636
99.0,22.0,1.0,0.9939613342285156,0.7654213905334473,0.42169,0.33735
100.0,21.0,1.0,0.9993321895599365,-1.0,0.43636,0.43636
101.0,21.0,1.0,0.9985067844390869,-1.0,0.43636,0.42857
102.0,21.0,1.0,0.9990506172180176,-1.0,0.42857,0.42857
103.0,21.0,1.0,0.9979591965675354,-1.0,0.42857,0.42857
111.0,21.0,1.0,0.9685531854629517,-1.0,0.42857,0.30357
113.0,23.0,1.0,0.9879972338676453,-1.0,0.63529,0.5503
114.0,23.0,1.0,0.9805309176445007,-1.0,0.5503,0.46746
134.0,23.0,1.0,0.9861366748809814,-1.0,0.46746,0.38095
136.0,8.0,1.0,0.9801402688026428,-1.0,0.35271,0.45489
137.0,8.0,1.0,0.9664418697357178,-1.0,0.45489,0.54945
148.0,8.0,1.0,0.9778419733047485,-1.0,0.54945,0.64057
151.0,10.0,1.0,0.980225682258606,-1.0,0.32468,0.30542
153.0,23.0,1.0,0.96808922290802,-1.0,0.36913,0.44966
154.0,23.0,1.0,0.9871950745582581,-1.0,0.44966,0.52381
155.0,23.0,1.0,0.9776392579078674,-1.0,0.52381,0.6
156.0,23.0,1.0,0.9852826595306396,-1.0,0.6,0.67832
157.0,10.0,1.0,0.9864925742149353,-1.0,0.33621,0.41569
158.0,10.0,1.0,0.9920353889465332,-1.0,0.41569,0.48201
159.0,10.0,1.0,0.9918687343597412,-1.0,0.48201,0.53821
160.0,10.0,1.0,0.9851661324501038,-1.0,0.53821,0.5316
161.0,1.0,1.0,0.972037672996521,0.7862547636032104,0.63433,0.50769
161.0,10.0,1.0,0.98981112241745,0.8234742879867554,0.5316,0.52119
162.0,1.0,1.0,0.9248183965682983,0.8477858304977417,0.50769,0.41727
162.0,10.0,1.0,0.9744503498077393,0.8529731631278992,0.52119,0.51232
163.0,10.0,1.0,0.9864640235900879,-1.0,0.51232,0.46995
164.0,10.0,1.0,0.9856393337249756,-1.0,0.46995,0.41358
165.0,10.0,1.0,0.9698539972305298,-1.0,0.41358,0.33803
166.0,10.0,1.0,0.9910165071487427,-1.0,0.33803,0.40127
167.0,10.0,1.0,0.9754048585891724,0.7657564878463745,0.40127,0.45614
167.0,22.0,1.0,0.942291796207428,0.7418168187141418,0.35106,0.47872
168.0,10.0,1.0,0.9869420528411865,0.6887425184249878,0.45614,0.5
168.0,22.0,1.0,0.9623113870620728,0.761454164981842,0.47872,0.61702
169.0,10.0,1.0,0.9885305166244507,-1.0,0.5,0.535
170.0,8.0,1.0,0.9780135750770569,0.8526085615158081,0.56828,0.4067
170.0,10.0,1.0,0.9731073379516602,0.8715299963951111,0.535,0.56744
171.0,10.0,1.0,0.982969343662262,-1.0,0.56744,0.59825
172.0,10.0,1.0,0.9795753955841064,-1.0,0.59825,0.65984
173.0,10.0,1.0,0.9622780084609985,0.684110164642334,0.65984,0.52915
173.0,21.0,1.0,0.995367705821991,0.6466131806373596,0.45714,0.66667
175.0,10.0,1.0,0.9515191316604614,0.8515973091125488,0.52915,0.36816
175.0,7.0,1.0,0.9924527406692505,0.8211387991905212,0.39726,0.56849
176.0,7.0,1.0,0.996463418006897,-1.0,0.56849,0.67123
180.0,7.0,1.0,0.9097188711166382,-1.0,0.67123,0.46575
183.0,29.0,1.0,0.9729544520378113,-1.0,0.43815,0.58005
184.0,29.0,1.0,0.9233124852180481,-1.0,0.58005,0.66418
185.0,29.0,1.0,0.9723286628723145,-1.0,0.66418,0.62025
186.0,18.0,1.0,0.9904565811157227,0.7016249895095825,0.30362,0.34459
186.0,29.0,1.0,0.9705175161361694,0.6873383522033691,0.62025,0.57732
187.0,18.0,1.0,0.9879996180534363,0.7291463613510132,0.34459,0.37246
187.0,29.0,1.0,0.9622896909713745,0.6985911130905151,0.57732,0.39737
188.0,10.0,1.0,0.9692013263702393,0.6696037650108337,0.47337,0.48701
188.0,18.0,1.0,0.9918545484542847,0.6360089778900146,0.37246,0.42093
189.0,18.0,1.0,0.9932956099510193,-1.0,0.42093,0.46408
190.0,1.0,1.0,0.9947632551193237,0.6853047609329224,0.55486,0.54866
190.0,18.0,1.0,0.9930870532989502,0.6758108139038086,0.46408,0.49573
191.0,1.0,1.0,0.9962253570556641,0.6951907873153687,0.54866,0.48836
191.0,18.0,1.0,0.9951150417327881,0.68623948097229,0.49573,0.52546
192.0,18.0,1.0,0.9938498735427856,-1.0,0.52546,0.55033
193.0,18.0,1.0,0.9900320768356323,0.7041035890579224,0.55033,0.57245
193.0,19.0,1.0,0.978873074054718,0.7035970091819763,0.64099,0.58474
194.0,18.0,1.0,0.9921931028366089,0.6819558143615723,0.57245,0.59357
194.0,19.0,1.0,0.9901449084281921,0.6785705089569092,0.58474,0.53
195.0,18.0,1.0,0.988839864730835,0.7054571509361267,0.59357,0.62542
195.0,19.0,1.0,0.973746657371521,0.7933205366134644,0.53,0.47857
195.0,29.0,0.0,0.8953624963760376,0.8833397030830383,0.3465,0.50932
196.0,18.0,1.0,0.9902871251106262,0.6968166828155518,0.62542,0.66155
196.0,19.0,1.0,0.9819484949111938,0.6901826858520508,0.47857,0.42708
196.0,29.0,1.0,0.9505597352981567,0.7995201349258423,0.50932,0.63526
197.0,18.0,1.0,0.9923439621925354,0.6863611340522766,0.66155,0.69327
197.0,19.0,1.0,0.985526978969574,0.6497131586074829,0.42708,0.37836
197.0,29.0,1.0,0.9697566032409668,0.6990393400192261,0.63526,0.63284
198.0,19.0,1.0,0.9572240710258484,0.6325783729553223,0.37836,0.33101
198.0,29.0,1.0,0.9557017087936401,0.6764703392982483,0.63284,0.62757
199.0,8.0,1.0,0.9445775747299194,0.7386981248855591,0.45122,0.66667
199.0,29.0,1.0,0.9943724870681763,0.7525502443313599,0.62757,0.56196
200.0,29.0,1.0,0.9714383482933044,-1.0,0.56196,0.42647
201.0,11.0,1.0,0.9868080019950867,-1.0,0.46383,0.48858
203.0,11.0,1.0,0.9760370254516602,-1.0,0.48858,0.48276
205.0,10.0,1.0,0.9429712891578674,-1.0,0.30928,0.39151
206.0,10.0,1.0,0.9804271459579468,0.7673271894454956,0.39151,0.56566
206.0,12.0,1.0,0.9464250802993774,0.7627379894256592,0.35039,0.44203
207.0,10.0,1.0,0.9906647801399231,0.7479254007339478,0.56566,0.65217
207.0,12.0,1.0,0.9556822180747986,0.7711206674575806,0.44203,0.30769
209.0,7.0,1.0,0.9456389546394348,-1.0,0.34615,0.40805
212.0,20.0,1.0,0.9815132021903992,-1.0,0.68926,0.64898
213.0,20.0,1.0,0.9761050343513489,-1.0,0.64898,0.58189
214.0,20.0,1.0,0.9934175610542297,-1.0,0.58189,0.51634
215.0,11.0,1.0,0.9560753107070923,0.7562680244445801,0.38776,0.49309
215.0,20.0,1.0,0.9813779592514038,0.6926376223564148,0.51634,0.45176
216.0,11.0,1.0,0.9803818464279175,0.7083013653755188,0.49309,0.51208
216.0,20.0,1.0,0.9872713088989258,0.6607376337051392,0.45176,0.38911
217.0,11.0,1.0,0.9786978363990784,0.688814640045166,0.51208,0.53571
217.0,20.0,1.0,0.9818836450576782,0.6138185858726501,0.38911,0.32687
218.0,11.0,1.0,0.9867806434631348,0.7616855502128601,0.53571,0.63784
218.0,12.0,1.0,0.9343053102493286,0.690396785736084,0.41349,0.66667
219.0,11.0,1.0,0.9933300018310547,-1.0,0.63784,0.67662
220.0,23.0,1.0,0.9871724843978882,-1.0,0.69721,0.63672
221.0,23.0,1.0,0.9896509647369385,-1.0,0.63672,0.58021
222.0,11.0,1.0,0.9914697408676147,0.7679020166397095,0.65517,0.60887
222.0,23.0,1.0,0.9852213859558105,0.7751493453979492,0.58021,0.52755
223.0,11.0,1.0,0.990448534488678,0.7394787669181824,0.60887,0.63559
223.0,23.0,1.0,0.9682636857032776,0.7695709466934204,0.52755,0.56647
224.0,11.0,1.0,0.9958367347717285,0.7375979423522949,0.63559,0.66816
224.0,23.0,1.0,0.9917907118797302,0.7469348311424255,0.56647,0.60214
225.0,23.0,1.0,0.9883956909179688,-1.0,0.60214,0.64358
226.0,23.0,1.0,0.9931110143661499,-1.0,0.64358,0.68516
227.0,13.0,1.0,0.9908040761947632,-1.0,0.38199,0.48875
228.0,13.0,1.0,0.9819246530532837,-1.0,0.48875,0.60465
229.0,13.0,1.0,0.9789552092552185,0.7366127371788025,0.60465,0.6015
229.0,23.0,1.0,0.9918596148490906,0.6930789351463318,0.67101,0.62039
230.0,13.0,1.0,0.9865759611129761,0.6742883920669556,0.6015,0.5974
230.0,23.0,1.0,0.9852137565612793,0.6610429883003235,0.62039,0.56994
231.0,13.0,1.0,0.9916943311691284,0.6906783580780029,0.5974,0.59694
231.0,23.0,1.0,0.9566630125045776,0.6433223485946655,0.56994,0.5641
232.0,13.0,1.0,0.9818500280380249,0.6575291156768799,0.59694,0.58385
232.0,23.0,1.0,0.9884339570999146,0.6783663630485535,0.5641,0.5514
233.0,11.0,1.0,0.9902482032775879,0.8340306282043457,0.65196,0.57339
233.0,13.0,1.0,0.9912617206573486,0.7179636359214783,0.58385,0.52105
233.0,22.0,1.0,0.9822937250137329,0.6635308265686035,0.68679,0.64251
233.0,23.0,1.0,0.9882393479347229,0.8238272666931152,0.5514,0.54294
234.0,11.0,1.0,0.9916217923164368,0.8259713649749756,0.57339,0.50276
234.0,13.0,1.0,0.9894460439682007,0.7034804821014404,0.52105,0.47945
234.0,22.0,1.0,0.9955108165740967,0.6863355040550232,0.64251,0.59862
234.0,23.0,1.0,0.9951705932617188,0.8426749110221863,0.54294,0.53431
235.0,11.0,1.0,0.9920340776443481,0.8291455507278442,0.50276,0.49194
235.0,13.0,1.0,0.9912062287330627,0.7215467095375061,0.47945,0.42742
235.0,22.0,1.0,0.9925832152366638,0.6934381723403931,0.59862,0.55278
235.0,23.0,1.0,0.9920895099639893,0.8393535614013672,0.53431,0.51269
236.0,11.0,1.0,0.988689661026001,0.8390665650367737,0.49194,0.48473
236.0,13.0,1.0,0.993137001991272,0.745125949382782,0.42742,0.38849
236.0,22.0,1.0,0.9939253330230713,0.7133788466453552,0.55278,0.5009
236.0,23.0,1.0,0.9951218366622925,0.8418527841567993,0.51269,0.48658
237.0,11.0,1.0,0.9921115636825562,0.8535603284835815,0.48473,0.51765
237.0,13.0,1.0,0.9959676265716553,0.7446016073226929,0.38849,0.37548
237.0,22.0,1.0,0.9961103796958923,0.7301472425460815,0.5009,0.45029
237.0,23.0,1.0,0.994839608669281,0.8560212254524231,0.48658,0.46067
238.0,11.0,1.0,0.9851570129394531,0.8517420291900635,0.51765,0.53036
238.0,13.0,1.0,0.9899744391441345,0.7452753186225891,0.37548,0.45306
238.0,22.0,1.0,0.9789512157440186,0.7482408285140991,0.45029,0.39427
238.0,23.0,1.0,0.9818856716156006,0.8815653324127197,0.46067,0.43457
239.0,11.0,1.0,0.9935487508773804,0.854107141494751,0.53036,0.54393
239.0,13.0,1.0,0.9924119114875793,0.7742780447006226,0.45306,0.54185
239.0,22.0,1.0,0.9927147626876831,0.7273870706558228,0.39427,0.39068
239.0,23.0,1.0,0.9941117167472839,0.8675990700721741,0.43457,0.40025
240.0,11.0,1.0,0.987386167049408,0.8295827507972717,0.54393,0.58108
240.0,13.0,1.0,0.9944685697555542,0.7768142223358154,0.54185,0.64455
240.0,22.0,1.0,0.9861657023429871,0.7062430381774902,0.39068,0.38929
240.0,23.0,1.0,0.9876589775085449,0.8600403666496277,0.40025,0.37401
241.0,11.0,1.0,0.992889940738678,0.8498793244361877,0.58108,0.58537
241.0,13.0,1.0,0.9938505291938782,0.7844394445419312,0.64455,0.61856
241.0,22.0,1.0,0.9939346313476562,0.6855936646461487,0.38929,0.40561
241.0,23.0,1.0,0.9933589696884155,0.8468161225318909,0.37401,0.35325
242.0,11.0,1.0,0.992657482624054,0.860569953918457,0.58537,0.58511
242.0,13.0,1.0,0.9924833178520203,0.7823266386985779,0.61856,0.58757
242.0,22.0,1.0,0.9888125061988831,0.6819526553153992,0.40561,0.46141
242.0,23.0,1.0,0.9914031624794006,0.8568781018257141,0.35325,0.32667
243.0,11.0,1.0,0.9815292358398438,0.741396427154541,0.58511,0.59649
243.0,13.0,1.0,0.9801744818687439,0.7746444940567017,0.58757,0.55
243.0,22.0,1.0,0.9900931715965271,0.6623122096061707,0.46141,0.51883
244.0,11.0,1.0,0.9940032958984375,0.7326346635818481,0.59649,0.56182
244.0,13.0,1.0,0.9895625114440918,0.7384901642799377,0.55,0.5035
244.0,22.0,1.0,0.9953124523162842,0.6741874814033508,0.51883,0.55676
245.0,11.0,1.0,0.9882668256759644,0.7675007581710815,0.56182,0.50829
245.0,13.0,1.0,0.9688114523887634,0.7374501824378967,0.5035,0.4
245.0,22.0,1.0,0.9877957105636597,0.6624730825424194,0.55676,0.60142
246.0,11.0,1.0,0.9872117042541504,0.8075161576271057,0.50829,0.43107
246.0,13.0,1.0,0.9829881191253662,0.7691402435302734,0.4,0.33486
246.0,22.0,1.0,0.991532564163208,0.6930824518203735,0.60142,0.64246
247.0,11.0,1.0,0.988722562789917,0.6741791367530823,0.43107,0.34909
247.0,22.0,1.0,0.9928035736083984,0.6684603691101074,0.64246,0.68794
248.0,11.0,1.0,0.9809929132461548,-1.0,0.34909,0.33961
249.0,11.0,1.0,0.9931117296218872,0.804969310760498,0.33961,0.33823
249.0,13.0,1.0,0.9921402335166931,0.8171802759170532,0.36508,0.44177
250.0,10.0,1.0,0.9862723350524902,0.7344914674758911,0.59292,0.45299
250.0,11.0,1.0,0.9908207654953003,0.8224756717681885,0.33823,0.32258
250.0,13.0,1.0,0.9832597970962524,0.8118346929550171,0.44177,0.52653
251.0,10.0,1.0,0.9879173040390015,0.7382382750511169,0.45299,0.40164
251.0,11.0,1.0,0.9948732852935791,0.8122192025184631,0.32258,0.32278
251.0,13.0,1.0,0.9948573112487793,0.8075348138809204,0.52653,0.60581
252.0,10.0,1.0,0.979572057723999,0.7455527782440186,0.40164,0.36066
252.0,11.0,1.0,0.9894226789474487,0.7977795600891113,0.32278,0.31056
252.0,13.0,1.0,0.995511531829834,0.8019609451293945,0.60581,0.69027
255.0,10.0,1.0,0.9849570989608765,-1.0,0.36066,0.32231
256.0,10.0,1.0,0.9773817658424377,-1.0,0.32231,0.32075
257.0,10.0,1.0,0.9864796996116638,-1.0,0.32075,0.39796
258.0,10.0,1.0,0.9819477796554565,-1.0,0.39796,0.44898
259.0,10.0,1.0,0.9905620217323303,-1.0,0.44898,0.50505
260.0,10.0,1.0,0.9939008355140686,-1.0,0.50505,0.55556
261.0,10.0,1.0,0.9866065382957458,-1.0,0.55556,0.51
262.0,10.0,1.0,0.9951611161231995,-1.0,0.51,0.47
263.0,10.0,1.0,0.9880825281143188,-1.0,0.47,0.42574
264.0,10.0,1.0,0.9932369589805603,-1.0,0.42574,0.4
265.0,10.0,1.0,0.9890227317810059,-1.0,0.4,0.36364
266.0,10.0,1.0,0.9881356954574585,-1.0,0.36364,0.40404
267.0,10.0,1.0,0.9878883361816406,-1.0,0.40404,0.39796
268.0,10.0,1.0,0.9723472595214844,-1.0,0.39796,0.39796
269.0,10.0,1.0,0.9814227819442749,-1.0,0.39796,0.39394
270.0,10.0,1.0,0.9855027198791504,-1.0,0.39394,0.38
277.0,10.0,1.0,0.9883614182472229,-1.0,0.38,0.32673
279.0,29.0,1.0,0.9944326877593994,-1.0,0.67328,0.63881
280.0,29.0,1.0,0.9922608733177185,-1.0,0.63881,0.60072
281.0,29.0,1.0,0.9936754703521729,-1.0,0.60072,0.58197
282.0,29.0,1.0,0.9932218790054321,-1.0,0.58197,0.53852
283.0,18.0,1.0,0.9889901876449585,0.7256578207015991,0.68919,0.67123
283.0,29.0,1.0,0.9874550700187683,0.7172415256500244,0.53852,0.4977
284.0,18.0,1.0,0.9865994453430176,0.7329691648483276,0.67123,0.64384
284.0,29.0,1.0,0.9910128712654114,0.7253057956695557,0.4977,0.45696
285.0,18.0,1.0,0.9859614372253418,0.7242520451545715,0.64384,0.61644
285.0,29.0,1.0,0.9938217401504517,0.7190523147583008,0.45696,0.41688
286.0,18.0,1.0,0.9808759689331055,0.7109293341636658,0.61644,0.58904
286.0,29.0,1.0,0.9825155138969421,0.7103344202041626,0.41688,0.3643
287.0,18.0,1.0,0.9937127232551575,0.6950267553329468,0.58904,0.56164
287.0,29.0,1.0,0.9923962950706482,0.7076965570449829,0.3643,0.33245
288.0,18.0,1.0,0.9921677708625793,0.6739683747291565,0.56164,0.55556
288.0,29.0,1.0,0.9854516386985779,0.6979056000709534,0.33245,0.30032
289.0,18.0,1.0,0.9942320585250854,-1.0,0.55556,0.54167
290.0,18.0,1.0,0.9910634756088257,-1.0,0.54167,0.52113
291.0,18.0,1.0,0.9891566038131714,-1.0,0.52113,0.56716
292.0,18.0,1.0,0.9953802824020386,0.769842803478241,0.56716,0.60317
292.0,11.0,1.0,0.9930275678634644,0.7628399133682251,0.37009,0.48063
293.0,8.0,1.0,0.988856315612793,0.7612513303756714,0.67321,0.63451
293.0,18.0,1.0,0.994680643081665,0.7789236307144165,0.60317,0.64407
293.0,11.0,1.0,0.9835364818572998,0.7696800231933594,0.48063,0.50562
294.0,8.0,1.0,0.9879759550094604,0.7817993760108948,0.63451,0.59678
294.0,18.0,1.0,0.9949539303779602,0.7824081778526306,0.64407,0.65
294.0,11.0,1.0,0.9939526915550232,0.7858865261077881,0.50562,0.53966
295.0,8.0,1.0,0.9902993440628052,0.7658295631408691,0.59678,0.56588
295.0,18.0,1.0,0.9949260950088501,0.802155077457428,0.65,0.65
295.0,11.0,1.0,0.990663468837738,0.7852422595024109,0.53966,0.57979
296.0,8.0,1.0,0.990595817565918,0.7434300184249878,0.56588,0.53128
296.0,18.0,1.0,0.9895190000534058,0.7855339646339417,0.65,0.65574
296.0,11.0,1.0,0.9886698126792908,0.8011860251426697,0.57979,0.61563
297.0,8.0,1.0,0.9941754937171936,0.7527246475219727,0.53128,0.52791
297.0,18.0,1.0,0.9944396018981934,0.7996096611022949,0.65574,0.65574
297.0,11.0,1.0,0.9940239191055298,0.7730740308761597,0.61563,0.65713
298.0,8.0,1.0,0.9956041574478149,0.7801529169082642,0.52791,0.52202
298.0,18.0,1.0,0.9882542490959167,0.785560131072998,0.65574,0.65574
298.0,11.0,1.0,0.9878458380699158,0.767507791519165,0.65713,0.66412
299.0,8.0,1.0,0.9943084120750427,0.7726426124572754,0.52202,0.5117
299.0,18.0,1.0,0.9829615354537964,0.7696613073348999,0.65574,0.66129
299.0,11.0,1.0,0.9960342645645142,0.7720972895622253,0.66412,0.65452
300.0,8.0,1.0,0.9958803653717041,0.7617743015289307,0.5117,0.49728
300.0,18.0,1.0,0.9968451857566833,0.7400028705596924,0.66129,0.66129
300.0,10.0,1.0,0.992193341255188,0.7379719018936157,0.30208,0.31915
300.0,11.0,1.0,0.9949657320976257,0.7742470502853394,0.65452,0.63386
301.0,8.0,1.0,0.993461012840271,0.7519946694374084,0.49728,0.46797
301.0,18.0,1.0,0.9958950281143188,0.7407438158988953,0.66129,0.66129
301.0,11.0,1.0,0.9875251054763794,0.7655036449432373,0.63386,0.59851
302.0,8.0,1.0,0.9977273941040039,0.7467838525772095,0.46797,0.44087
302.0,18.0,1.0,0.9986046552658081,0.7327467203140259,0.66129,0.66129
302.0,11.0,1.0,0.9935632944107056,0.7541242837905884,0.59851,0.56233
303.0,8.0,1.0,0.993058443069458,0.7518571615219116,0.44087,0.41053
303.0,18.0,1.0,0.9972513914108276,0.7334198951721191,0.66129,0.64516
303.0,10.0,1.0,0.9730917811393738,0.7114797234535217,0.31818,0.32941
303.0,11.0,1.0,0.9914032220840454,0.7209441661834717,0.56233,0.53671
304.0,8.0,1.0,0.9880210161209106,0.7285696268081665,0.41053,0.39175
304.0,18.0,1.0,0.9987165331840515,0.7306575179100037,0.64516,0.63492
304.0,10.0,1.0,0.9863288402557373,0.7045409083366394,0.32941,0.35294
304.0,11.0,1.0,0.9923426508903503,0.7292602062225342,0.53671,0.59714
305.0,8.0,1.0,0.9839129447937012,0.7292883396148682,0.39175,0.367
305.0,18.0,1.0,0.9976158142089844,0.7306704521179199,0.63492,0.61905
305.0,10.0,1.0,0.9879703521728516,0.7017948627471924,0.35294,0.36905
305.0,11.0,1.0,0.9911993741989136,0.7279297709465027,0.59714,0.66889
306.0,8.0,1.0,0.9712370038032532,0.7109496593475342,0.367,0.34653
306.0,10.0,1.0,0.9901201725006104,0.6970613598823547,0.36905,0.3523
306.0,18.0,1.0,0.9957186579704285,0.7292842268943787,0.61905,0.60317
307.0,8.0,1.0,0.9929488301277161,0.720600962638855,0.34653,0.34007
307.0,10.0,1.0,0.9915717840194702,0.7056390047073364,0.3523,0.30388
307.0,18.0,1.0,0.997825026512146,0.7143293619155884,0.60317,0.59375
308.0,8.0,1.0,0.9833288192749023,0.7055690288543701,0.34007,0.33219
308.0,18.0,1.0,0.994044303894043,0.7099410891532898,0.59375,0.57812
309.0,8.0,1.0,0.9870748519897461,0.7025120258331299,0.33219,0.33028
309.0,18.0,1.0,0.9966261982917786,0.7151156067848206,0.57812,0.5625
310.0,8.0,1.0,0.9789189696311951,0.715203583240509,0.33028,0.33258
310.0,18.0,1.0,0.9972447156906128,0.6972960233688354,0.5625,0.55385
311.0,8.0,1.0,0.9750263690948486,0.70207679271698,0.33258,0.32777
311.0,18.0,1.0,0.9937211871147156,0.699762761592865,0.55385,0.53846
312.0,8.0,1.0,0.9852472543716431,0.7154401540756226,0.32777,0.32398
312.0,18.0,1.0,0.9943293333053589,0.7134479284286499,0.53846,0.52308
313.0,8.0,1.0,0.9836194515228271,0.7146557569503784,0.32398,0.32056
313.0,18.0,1.0,0.994249165058136,0.7131832838058472,0.52308,0.52308
314.0,8.0,1.0,0.9906657934188843,0.7039332389831543,0.32056,0.31747
314.0,18.0,1.0,0.9984962344169617,0.7063082456588745,0.52308,0.51515
315.0,8.0,1.0,0.9710177779197693,0.7098828554153442,0.31747,0.35183
315.0,18.0,1.0,0.9975168704986572,0.7026905417442322,0.51515,0.50746
316.0,8.0,1.0,0.9726552963256836,0.693520188331604,0.35183,0.37967
316.0,18.0,1.0,0.992334246635437,0.6708084344863892,0.50746,0.50746
317.0,8.0,1.0,0.9696512222290039,0.745323121547699,0.37967,0.44458
317.0,18.0,1.0,0.9957606792449951,0.7207282781600952,0.50746,0.5
317.0,11.0,1.0,0.9946281909942627,0.7531877756118774,0.66542,0.62921
318.0,8.0,1.0,0.9857146739959717,0.7468149662017822,0.44458,0.42067
318.0,18.0,1.0,0.9954082369804382,0.7145102024078369,0.5,0.49275
318.0,11.0,1.0,0.9957724809646606,0.7397789359092712,0.62921,0.6469
319.0,8.0,1.0,0.9905470609664917,0.7268614768981934,0.42067,0.39891
319.0,18.0,1.0,0.9961848258972168,0.7200840711593628,0.49275,0.49275
319.0,11.0,1.0,0.9913956522941589,0.723681628704071,0.6469,0.66949
320.0,8.0,1.0,0.9893712401390076,0.6984109878540039,0.39891,0.39581
320.0,18.0,1.0,0.9954554438591003,0.704238772392273,0.49275,0.48571
320.0,11.0,1.0,0.9882256984710693,0.7246852517127991,0.66949,0.59797
321.0,2.0,1.0,0.9909055233001709,0.8354373574256897,0.30081,0.35156
321.0,8.0,1.0,0.98625648021698,0.6710332632064819,0.39581,0.39376
321.0,11.0,1.0,0.9820587635040283,0.8471508622169495,0.59797,0.59112
321.0,18.0,1.0,0.9925423264503479,0.6941499710083008,0.48571,0.47887
321.0,22.0,1.0,0.987217903137207,0.7868187427520752,0.69127,0.67986
322.0,2.0,1.0,0.9956472516059875,0.8281991481781006,0.35156,0.40152
322.0,8.0,1.0,0.9919303059577942,0.6539264917373657,0.39376,0.38966
322.0,11.0,1.0,0.9942505359649658,0.8374514579772949,0.59112,0.57304
322.0,18.0,1.0,0.9969306588172913,0.7127128839492798,0.47887,0.48571
322.0,22.0,1.0,0.9870138168334961,0.7844997644424438,0.67986,0.67179
323.0,2.0,1.0,0.9956358075141907,0.8338998556137085,0.40152,0.44526
323.0,8.0,1.0,0.9760503768920898,0.6666519045829773,0.38966,0.40399
323.0,11.0,1.0,0.9967642426490784,0.8212862014770508,0.57304,0.55873
323.0,18.0,1.0,0.9969754815101624,0.7297492027282715,0.48571,0.49275
323.0,22.0,1.0,0.9865818023681641,0.7729312181472778,0.67179,0.64749
324.0,2.0,1.0,0.9971603751182556,0.8321356177330017,0.44526,0.48905
324.0,8.0,1.0,0.9804555177688599,0.6633518934249878,0.40399,0.45786
324.0,11.0,1.0,0.9972098469734192,0.832455039024353,0.55873,0.52931
324.0,18.0,1.0,0.9912835359573364,0.7444941997528076,0.49275,0.48529
324.0,22.0,1.0,0.9922415614128113,0.7686806917190552,0.64749,0.63312
325.0,2.0,1.0,0.998117208480835,0.8358888030052185,0.48905,0.52174
325.0,8.0,1.0,0.9763495922088623,0.682805061340332,0.45786,0.53114
325.0,11.0,1.0,0.9977227449417114,0.8390294313430786,0.52931,0.49308
325.0,18.0,1.0,0.9953681826591492,0.7636221051216125,0.48529,0.49254
325.0,22.0,1.0,0.99123215675354,0.7655717730522156,0.63312,0.61702
326.0,2.0,1.0,0.9931851625442505,0.8410377502441406,0.52174,0.56522
326.0,8.0,1.0,0.9837073087692261,0.6678647994995117,0.53114,0.54424
326.0,11.0,1.0,0.9974572658538818,0.8297684192657471,0.49308,0.4782
326.0,18.0,1.0,0.9924136996269226,0.7724981904029846,0.49254,0.5
326.0,22.0,1.0,0.9866597056388855,0.758479654788971,0.61702,0.65789
327.0,2.0,1.0,0.9968430399894714,0.8249387145042419,0.56522,0.59712
327.0,8.0,1.0,0.9904682040214539,0.6835562586784363,0.54424,0.56176
327.0,11.0,1.0,0.9977264404296875,0.822951078414917,0.4782,0.47192
327.0,18.0,1.0,0.9970535635948181,0.774202287197113,0.5,0.49231
327.0,22.0,1.0,0.9892258644104004,0.7469863891601562,0.65789,0.69953
328.0,8.0,1.0,0.9794808626174927,0.664161205291748,0.56176,0.57472
328.0,18.0,1.0,0.9936445951461792,0.7709071636199951,0.49231,0.5
328.0,2.0,1.0,0.9911658763885498,0.813054621219635,0.59712,0.65714
328.0,11.0,1.0,0.9933928847312927,0.8023765087127686,0.47192,0.45694
329.0,8.0,1.0,0.987223207950592,0.6783456802368164,0.57472,0.57803
329.0,18.0,1.0,0.995574414730072,0.7219910621643066,0.5,0.50794
329.0,11.0,1.0,0.99613356590271,0.715582549571991,0.45694,0.43281
330.0,8.0,1.0,0.9910579323768616,0.6789385676383972,0.57803,0.58223
330.0,11.0,1.0,0.9979620575904846,0.7076187133789062,0.43281,0.39615
331.0,8.0,1.0,0.9829056262969971,0.6926774978637695,0.58223,0.60679
331.0,11.0,1.0,0.9952330589294434,0.6775848865509033,0.39615,0.37284
332.0,8.0,1.0,0.981644332408905,0.6871569156646729,0.60679,0.63335
332.0,11.0,1.0,0.995476484298706,0.661285400390625,0.37284,0.3131
333.0,8.0,1.0,0.9872793555259705,-1.0,0.63335,0.65293
334.0,8.0,1.0,0.9921642541885376,-1.0,0.65293,0.65022
335.0,8.0,1.0,0.9853018522262573,-1.0,0.65022,0.64916
336.0,8.0,1.0,0.9726790189743042,-1.0,0.64916,0.65616
337.0,8.0,1.0,0.9921582937240601,-1.0,0.65616,0.65158
338.0,8.0,1.0,0.9896669387817383,0.7018531560897827,0.65158,0.65238
338.0,22.0,1.0,0.9900648593902588,0.6854170560836792,0.69639,0.66774
339.0,8.0,1.0,0.9718600511550903,0.7053863406181335,0.65238,0.68182
339.0,22.0,1.0,0.9908995032310486,0.7174476385116577,0.66774,0.64956
340.0,8.0,1.0,0.985045313835144,0.7278628945350647,0.68182,0.65687
340.0,22.0,1.0,0.9855391979217529,0.7256258726119995,0.64956,0.65735
341.0,8.0,1.0,0.9789940118789673,0.7431620359420776,0.65687,0.69867
341.0,22.0,1.0,0.9798470735549927,0.7302759885787964,0.65735,0.64836
342.0,8.0,1.0,0.9903127551078796,0.7415036559104919,0.69867,0.67386
342.0,22.0,1.0,0.9906900525093079,0.7259190082550049,0.64836,0.63992
343.0,8.0,1.0,0.9942129850387573,0.7104345560073853,0.67386,0.65094
343.0,22.0,1.0,0.9915050864219666,0.7173148393630981,0.63992,0.63222
344.0,8.0,1.0,0.989082396030426,0.7035013437271118,0.65094,0.62626
344.0,22.0,1.0,0.9806822538375854,0.8100128769874573,0.63222,0.61842
344.0,7.0,1.0,0.9799084663391113,0.8255645036697388,0.30303,0.33333
345.0,8.0,1.0,0.9900830984115601,0.7237546443939209,0.62626,0.59783
345.0,22.0,1.0,0.9905102849006653,0.8465533256530762,0.61842,0.6096
345.0,7.0,1.0,0.9814671277999878,0.821439802646637,0.33333,0.36364
346.0,8.0,1.0,0.9767758846282959,0.7561524510383606,0.59783,0.56471
346.0,22.0,1.0,0.9831891059875488,0.844051718711853,0.6096,0.59869
346.0,7.0,1.0,0.9773988723754883,0.8298500776290894,0.36364,0.38384
347.0,8.0,1.0,0.9901036620140076,0.7572416067123413,0.56471,0.57303
347.0,22.0,1.0,0.9859261512756348,0.8002896904945374,0.59869,0.5827
347.0,7.0,1.0,0.9883518218994141,0.7997070550918579,0.38384,0.41414
348.0,8.0,1.0,0.9906952381134033,0.7722842693328857,0.57303,0.5914
348.0,22.0,1.0,0.9884770512580872,0.7687205076217651,0.5827,0.5719
348.0,7.0,1.0,0.9892014861106873,0.7499840259552002,0.41414,0.44444
349.0,8.0,1.0,0.9912381172180176,0.7910340428352356,0.5914,0.60825
349.0,22.0,1.0,0.9878060221672058,0.7881423830986023,0.5719,0.59362
349.0,7.0,1.0,0.9856847524642944,0.7312567234039307,0.44444,0.43298
350.0,8.0,1.0,0.9917886257171631,0.7974779605865479,0.60825,0.5914
350.0,22.0,1.0,0.9828993082046509,0.8151997327804565,0.59362,0.61783
350.0,7.0,1.0,0.991490364074707,0.694287896156311,0.43298,0.41592
351.0,8.0,1.0,0.9877001643180847,0.7866867780685425,0.5914,0.58889
351.0,22.0,1.0,0.9688079357147217,0.8064733147621155,0.61783,0.63298
351.0,7.0,1.0,0.9758651256561279,0.6924043893814087,0.41592,0.39911
352.0,8.0,1.0,0.9931319952011108,0.7762907147407532,0.58889,0.56977
352.0,22.0,1.0,0.9926963448524475,0.7908076047897339,0.63298,0.65167
352.0,7.0,1.0,0.985653817653656,0.7232407331466675,0.39911,0.36733
353.0,8.0,1.0,0.995715856552124,0.7746047973632812,0.56977,0.55422
353.0,22.0,1.0,0.9951500296592712,0.7893500328063965,0.65167,0.66981
353.0,7.0,1.0,0.9886925220489502,0.7385529279708862,0.36733,0.3366
354.0,8.0,1.0,0.9871750473976135,0.7704724669456482,0.55422,0.5443
354.0,29.0,1.0,0.9903298020362854,0.8055819272994995,0.31319,0.32854
354.0,22.0,1.0,0.9950003027915955,0.8059173822402954,0.66981,0.68965
354.0,7.0,1.0,0.9870908260345459,0.8106962442398071,0.3366,0.31241
355.0,8.0,1.0,0.9909870028495789,0.7925068736076355,0.5443,0.53846
355.0,29.0,1.0,0.9938635230064392,0.7167679071426392,0.32854,0.34388
355.0,22.0,1.0,0.9960480332374573,0.7889623641967773,0.68965,0.69604
356.0,8.0,1.0,0.9923734664916992,0.7097184062004089,0.53846,0.53846
356.0,29.0,1.0,0.9886658191680908,0.6953884959220886,0.34388,0.35922
357.0,8.0,1.0,0.9953545928001404,0.7267056703567505,0.53846,0.53247
357.0,29.0,1.0,0.990422248840332,0.7059273719787598,0.35922,0.37659
358.0,8.0,1.0,0.9901503920555115,0.7390328645706177,0.53247,0.53247
358.0,29.0,1.0,0.9954234957695007,0.7159370183944702,0.37659,0.38428
359.0,8.0,1.0,0.9879031777381897,0.735897958278656,0.53247,0.55696
359.0,29.0,1.0,0.9880011081695557,0.7146236896514893,0.38428,0.38997
360.0,8.0,1.0,0.9889808893203735,0.8121193647384644,0.55696,0.5875
360.0,29.0,1.0,0.9942945241928101,0.7697653770446777,0.38997,0.39769
360.0,22.0,1.0,0.9939589500427246,0.8002176880836487,0.68097,0.64706
361.0,8.0,1.0,0.9714435338973999,0.8081865310668945,0.5875,0.54321
361.0,29.0,1.0,0.9940589070320129,0.7733330726623535,0.39769,0.40754
361.0,6.0,1.0,0.9753247499465942,0.7266553044319153,0.40133,0.4351
361.0,22.0,1.0,0.9875292181968689,0.8284366130828857,0.64706,0.63533
362.0,6.0,1.0,0.9751576781272888,0.7483032941818237,0.4351,0.47632
362.0,7.0,1.0,0.9924058318138123,0.8344802856445312,0.3087,0.32389
362.0,8.0,1.0,0.9806265234947205,0.8502658605575562,0.54321,0.49398
362.0,22.0,1.0,0.990095853805542,0.8124033212661743,0.63533,0.62259
362.0,29.0,1.0,0.9962854385375977,0.8340984582901001,0.40754,0.39215
363.0,6.0,1.0,0.9702004194259644,0.7433643937110901,0.47632,0.52616
363.0,7.0,1.0,0.9928866624832153,0.836748480796814,0.32389,0.33575
363.0,8.0,1.0,0.9900424480438232,0.8420466184616089,0.49398,0.41667
363.0,22.0,1.0,0.979472815990448,0.8396870493888855,0.62259,0.61255
363.0,29.0,1.0,0.9952369928359985,0.8261746168136597,0.39215,0.37696
364.0,6.0,1.0,0.9683250188827515,0.7470502853393555,0.52616,0.589
364.0,7.0,1.0,0.9857397079467773,0.8149210810661316,0.33575,0.35028
364.0,8.0,1.0,0.9772765040397644,0.8221080303192139,0.41667,0.33721
364.0,22.0,1.0,0.9842724800109863,0.8265590667724609,0.61255,0.60609
364.0,29.0,1.0,0.9932207465171814,0.8209307193756104,0.37696,0.36157
365.0,22.0,1.0,0.992080569267273,0.752545952796936,0.60609,0.59907
365.0,29.0,1.0,0.9932118058204651,0.8199032545089722,0.36157,0.34856
365.0,6.0,1.0,0.9823079109191895,0.7701319456100464,0.589,0.69145
365.0,7.0,1.0,0.9914530515670776,0.8206088542938232,0.35028,0.36222
366.0,29.0,1.0,0.9854075908660889,0.8293516039848328,0.34856,0.34856
366.0,22.0,1.0,0.9856207370758057,0.7419244050979614,0.59907,0.58681
366.0,7.0,1.0,0.9866162538528442,0.8330491781234741,0.36222,0.38131
367.0,29.0,1.0,0.9948561787605286,0.8272133469581604,0.34856,0.34361
367.0,22.0,1.0,0.991966724395752,0.7529159784317017,0.58681,0.58946
367.0,7.0,1.0,0.994220495223999,0.8333342671394348,0.38131,0.42297
368.0,29.0,1.0,0.9957082271575928,0.8286521434783936,0.34361,0.33823
368.0,22.0,1.0,0.986811637878418,0.7605054378509521,0.58946,0.58857
368.0,7.0,1.0,0.9926984310150146,0.8304542899131775,0.42297,0.47404
369.0,29.0,1.0,0.9918224215507507,0.8301289081573486,0.33823,0.33823
369.0,22.0,1.0,0.9869163036346436,0.7834265232086182,0.58857,0.58673
369.0,7.0,1.0,0.9888879060745239,0.8223259449005127,0.47404,0.51002
370.0,29.0,1.0,0.9948480129241943,0.81980299949646,0.33823,0.33293
370.0,22.0,1.0,0.9941586256027222,0.7789100408554077,0.58673,0.52934
370.0,7.0,1.0,0.9887367486953735,0.8174441456794739,0.51002,0.55622
371.0,29.0,1.0,0.9813600182533264,0.8236092329025269,0.33293,0.30204
371.0,22.0,1.0,0.9837498068809509,0.7507895231246948,0.52934,0.50872
371.0,7.0,1.0,0.9918897151947021,0.7999089956283569,0.55622,0.58416
372.0,22.0,1.0,0.9944381713867188,0.7589298486709595,0.50872,0.49342
372.0,7.0,1.0,0.9889570474624634,0.7391443252563477,0.58416,0.61
373.0,22.0,1.0,0.987769365310669,0.7642388343811035,0.49342,0.47874
373.0,7.0,1.0,0.9799590110778809,0.7464087605476379,0.61,0.62626
374.0,22.0,1.0,0.9741351008415222,0.7473775148391724,0.47874,0.46512
374.0,7.0,1.0,0.9830066561698914,0.7494511604309082,0.62626,0.61856
375.0,22.0,1.0,0.9850179553031921,0.744217574596405,0.46512,0.41356
375.0,7.0,1.0,0.9905836582183838,0.7364727854728699,0.61856,0.60417
376.0,22.0,1.0,0.9697707891464233,0.7637411952018738,0.41356,0.38679
376.0,7.0,1.0,0.978195071220398,0.7317076325416565,0.60417,0.6
377.0,22.0,1.0,0.9884413480758667,0.7745729088783264,0.38679,0.36923
377.0,7.0,1.0,0.9896262884140015,0.7609677314758301,0.6,0.58511
378.0,22.0,1.0,0.9889490604400635,0.7709221839904785,0.36923,0.34895
378.0,7.0,1.0,0.9880324602127075,0.7598327398300171,0.58511,0.56989
379.0,22.0,1.0,0.9796794652938843,0.7203773260116577,0.34895,0.38607
379.0,7.0,1.0,0.9693278074264526,0.7342648506164551,0.56989,0.54945
380.0,10.0,1.0,0.9903910160064697,0.7438369989395142,0.32836,0.40299
380.0,22.0,1.0,0.9851436614990234,0.7542425990104675,0.38607,0.42079
380.0,7.0,1.0,0.980411946773529,0.758818507194519,0.54945,0.53409
381.0,10.0,1.0,0.9862200021743774,0.7524654865264893,0.40299,0.46269
381.0,21.0,1.0,0.9267846941947937,0.7524915933609009,0.62162,0.51402
381.0,22.0,1.0,0.9153889417648315,0.8239696621894836,0.42079,0.45144
381.0,7.0,1.0,0.978070855140686,0.7634198665618896,0.53409,0.51163
382.0,10.0,1.0,0.990416407585144,0.757469654083252,0.46269,0.53731
382.0,22.0,1.0,0.9929565191268921,0.7832281589508057,0.45144,0.67227
382.0,7.0,1.0,0.9904316067695618,0.7653428316116333,0.51163,0.49398
383.0,10.0,1.0,0.9914944171905518,0.7603574991226196,0.53731,0.61194
383.0,22.0,1.0,0.991441011428833,0.7822399139404297,0.67227,0.62185
383.0,7.0,1.0,0.9912109375,0.7746767401695251,0.49398,0.46914
384.0,10.0,1.0,0.9900554418563843,0.7528678178787231,0.61194,0.68182
384.0,22.0,1.0,0.9784509539604187,0.7781534194946289,0.62185,0.57143
384.0,7.0,1.0,0.982383131980896,0.7729256749153137,0.46914,0.46835
385.0,22.0,1.0,0.9893872737884521,0.7726061344146729,0.57143,0.52941
385.0,7.0,1.0,0.9910658597946167,0.7539234161376953,0.46835,0.44156
386.0,3.0,1.0,0.9873483180999756,0.7424278855323792,0.32812,0.40625
386.0,22.0,1.0,0.9843783378601074,0.742501974105835,0.52941,0.47899
386.0,7.0,1.0,0.9790759086608887,0.7581864595413208,0.44156,0.42667
387.0,3.0,1.0,0.9888553619384766,0.7210350036621094,0.40625,0.47619
387.0,22.0,1.0,0.9876353740692139,0.7329710125923157,0.47899,0.42857
387.0,7.0,1.0,0.9856917858123779,0.7522372603416443,0.42667,0.4
388.0,3.0,1.0,0.9938085079193115,0.6835815906524658,0.47619,0.57143
388.0,22.0,1.0,0.9848830699920654,0.7279443144798279,0.42857,0.37815
388.0,7.0,1.0,0.9863889217376709,0.7344675064086914,0.4,0.37838
389.0,3.0,1.0,0.979820728302002,0.6892712116241455,0.57143,0.65079
389.0,22.0,1.0,0.9728797674179077,0.7388670444488525,0.37815,0.34454
389.0,7.0,1.0,0.9813441038131714,0.7191714644432068,0.37838,0.35135
393.0,22.0,1.0,0.9860756993293762,-1.0,0.34454,0.30252
395.0,29.0,1.0,0.9955273270606995,-1.0,0.30645,0.31732
396.0,29.0,1.0,0.9901602268218994,-1.0,0.31732,0.32292
402.0,29.0,1.0,0.9957372546195984,-1.0,0.32292,0.33374
403.0,29.0,1.0,0.9547090530395508,-1.0,0.33374,0.32337
404.0,29.0,1.0,0.9944015145301819,-1.0,0.32337,0.35867
405.0,29.0,1.0,0.9942203760147095,-1.0,0.35867,0.38827
406.0,29.0,1.0,0.9906084537506104,-1.0,0.38827,0.38827
407.0,10.0,1.0,0.9852800965309143,0.7507227659225464,0.67213,0.63934
407.0,29.0,1.0,0.9873866438865662,0.7512494325637817,0.38827,0.38845
408.0,10.0,1.0,0.9771453142166138,0.7581459283828735,0.63934,0.60656
408.0,29.0,1.0,0.9935678243637085,0.783196210861206,0.38845,0.38892
408.0,6.0,1.0,0.9635468125343323,0.7675957083702087,0.60563,0.4589
409.0,10.0,1.0,0.9619657397270203,0.7988608479499817,0.60656,0.54098
409.0,29.0,1.0,0.9850702285766602,0.7734076976776123,0.38892,0.39683
409.0,6.0,1.0,0.9705930948257446,0.7593287229537964,0.4589,0.32667
410.0,10.0,1.0,0.968643844127655,0.7965572476387024,0.54098,0.47541
410.0,29.0,1.0,0.9884603023529053,0.7822343111038208,0.39683,0.40713
411.0,10.0,1.0,0.968148946762085,0.752241849899292,0.47541,0.40984
411.0,29.0,1.0,0.9793475866317749,0.7914244532585144,0.40713,0.42966
412.0,10.0,1.0,0.9880741834640503,0.7372334003448486,0.40984,0.34426
412.0,29.0,1.0,0.9910367131233215,0.7579396367073059,0.42966,0.45623
413.0,29.0,1.0,0.9882331490516663,-1.0,0.45623,0.48185
414.0,29.0,1.0,0.9916242957115173,-1.0,0.48185,0.47788
415.0,29.0,1.0,0.9951654672622681,-1.0,0.47788,0.47587
416.0,29.0,1.0,0.9933270215988159,-1.0,0.47587,0.47402
417.0,29.0,1.0,0.9969980716705322,-1.0,0.47402,0.47516
418.0,29.0,1.0,0.9962136149406433,-1.0,0.47516,0.47101
419.0,29.0,1.0,0.9881715774536133,-1.0,0.47101,0.46136
420.0,29.0,1.0,0.9941062331199646,0.7942415475845337,0.46136,0.45706
420.0,6.0,1.0,0.9776332378387451,0.7864094972610474,0.41892,0.57639
421.0,29.0,1.0,0.9883012175559998,-1.0,0.45706,0.45034
422.0,29.0,1.0,0.99179607629776,-1.0,0.45034,0.44506
423.0,11.0,1.0,0.9960101842880249,0.8088541626930237,0.30208,0.30208
423.0,29.0,1.0,0.9906330108642578,0.8203624486923218,0.44506,0.43358
424.0,11.0,1.0,0.9870462417602539,0.7875488996505737,0.30208,0.32107
424.0,29.0,1.0,0.9812350273132324,0.7897142171859741,0.43358,0.43383
425.0,11.0,1.0,0.9952086806297302,0.7633635997772217,0.32107,0.32112
425.0,29.0,1.0,0.9914990067481995,0.7775130271911621,0.43383,0.41842
426.0,17.0,1.0,0.9588677883148193,0.6976012587547302,0.44615,0.57812
426.0,11.0,1.0,0.9969387650489807,0.7612055540084839,0.32112,0.3308
426.0,29.0,1.0,0.9885247945785522,0.7659511566162109,0.41842,0.39038
427.0,11.0,1.0,0.9956960678100586,0.7641703486442566,0.3308,0.33102
427.0,29.0,1.0,0.986396312713623,0.763475775718689,0.39038,0.35386
428.0,11.0,1.0,0.9947825074195862,0.7738630175590515,0.33102,0.34083
428.0,29.0,1.0,0.9932352900505066,0.7800989151000977,0.35386,0.32582
429.0,11.0,1.0,0.9874252676963806,-1.0,0.34083,0.34799
430.0,11.0,1.0,0.9958797693252563,-1.0,0.34799,0.36755
431.0,11.0,1.0,0.9965178370475769,-1.0,0.36755,0.37482
432.0,11.0,1.0,0.9880479574203491,-1.0,0.37482,0.39444
433.0,11.0,1.0,0.9920912981033325,-1.0,0.39444,0.39444
434.0,11.0,1.0,0.9864628314971924,-1.0,0.39444,0.41406
435.0,11.0,1.0,0.9905664920806885,-1.0,0.41406,0.41406
436.0,11.0,1.0,0.9865413904190063,-1.0,0.41406,0.43367
437.0,11.0,1.0,0.980177640914917,-1.0,0.43367,0.4354
438.0,11.0,1.0,0.991456925868988,0.7052944302558899,0.4354,0.44538
438.0,4.0,1.0,0.977831244468689,0.6635345220565796,0.32701,0.44872
439.0,11.0,1.0,0.9855185747146606,0.6927153468132019,0.44538,0.44734
439.0,4.0,1.0,0.9564037322998047,0.707878828048706,0.44872,0.54864
440.0,11.0,1.0,0.9919905662536621,0.7903730869293213,0.44734,0.46195
440.0,4.0,1.0,0.9729532599449158,0.7027601003646851,0.54864,0.63214
440.0,12.0,1.0,0.9775757193565369,0.8317623138427734,0.51786,0.46491
440.0,14.0,1.0,0.9648085832595825,0.8020143508911133,0.59574,0.66667
441.0,11.0,1.0,0.9955055117607117,0.7486792206764221,0.46195,0.46428
441.0,12.0,1.0,0.9727715253829956,0.7884927988052368,0.46491,0.4087
442.0,11.0,1.0,0.9925309419631958,-1.0,0.46428,0.48986
443.0,11.0,1.0,0.9846322536468506,-1.0,0.48986,0.49273
444.0,11.0,1.0,0.976947009563446,-1.0,0.49273,0.52444
445.0,17.0,1.0,0.9870434999465942,0.7745762467384338,0.66154,0.63636
445.0,11.0,1.0,0.9738170504570007,0.7563298940658569,0.52444,0.54557
446.0,17.0,1.0,0.9930124878883362,0.7714197635650635,0.63636,0.59091
446.0,11.0,1.0,0.9933921098709106,0.7788763642311096,0.54557,0.56671
447.0,17.0,1.0,0.9853748083114624,-1.0,0.59091,0.46269
448.0,17.0,1.0,0.9928231239318848,-1.0,0.46269,0.32836
449.0,11.0,1.0,0.973844051361084,0.7563488483428955,0.63441,0.56522
449.0,4.0,1.0,0.9820804595947266,0.7411921620368958,0.69831,0.69283
450.0,11.0,1.0,0.9870072603225708,0.7231371402740479,0.56522,0.51087
450.0,4.0,1.0,0.9874324798583984,0.7458047270774841,0.69283,0.68836
451.0,11.0,1.0,0.9669317007064819,0.7355479001998901,0.51087,0.45055
451.0,4.0,1.0,0.9805272221565247,0.7535298466682434,0.68836,0.6259
452.0,11.0,1.0,0.9359241127967834,0.7939325571060181,0.45055,0.3956
452.0,4.0,1.0,0.9551112651824951,0.7761522531509399,0.6259,0.49057
453.0,4.0,1.0,0.950637698173523,-1.0,0.49057,0.34263
454.0,15.0,1.0,0.9596112966537476,-1.0,0.38368,0.48047
455.0,15.0,1.0,0.9730634689331055,-1.0,0.48047,0.5651
457.0,15.0,1.0,0.9545118808746338,-1.0,0.5651,0.66728
459.0,12.0,1.0,0.9104534983634949,-1.0,0.32584,0.50575
460.0,12.0,1.0,0.9806033968925476,0.6709158420562744,0.50575,0.47727
460.0,15.0,1.0,0.9687768220901489,0.6370203495025635,0.66565,0.53743
461.0,12.0,1.0,0.9950599670410156,0.6394565105438232,0.47727,0.4382
461.0,15.0,1.0,0.9789013862609863,0.6466666460037231,0.53743,0.49019
462.0,13.0,1.0,0.9733194708824158,0.8089514970779419,0.36585,0.46341
462.0,4.0,1.0,0.9659450054168701,0.7944474220275879,0.38828,0.48399
462.0,12.0,1.0,0.9881719946861267,0.8005509376525879,0.4382,0.41111
462.0,15.0,1.0,0.9663450717926025,0.7944083213806152,0.49019,0.48527
463.0,13.0,1.0,0.983319878578186,0.7244361042976379,0.46341,0.5679
463.0,4.0,1.0,0.9740377068519592,0.8102500438690186,0.48399,0.61938
463.0,12.0,1.0,0.9867011904716492,0.8117712140083313,0.41111,0.37363
463.0,15.0,1.0,0.9622361063957214,0.775465190410614,0.48527,0.47183
464.0,2.0,1.0,0.9683948755264282,0.7663657069206238,0.64825,0.58753
464.0,12.0,1.0,0.9716355204582214,0.793013870716095,0.37363,0.35165
464.0,13.0,1.0,0.9784565567970276,0.7667077779769897,0.5679,0.66667
464.0,15.0,1.0,0.9591927528381348,0.7151584625244141,0.47183,0.45886
465.0,2.0,1.0,0.9802992343902588,0.7873622179031372,0.58753,0.52855
465.0,12.0,1.0,0.9888144731521606,0.7867674827575684,0.35165,0.32222
465.0,13.0,1.0,0.9910380840301514,0.7440450191497803,0.66667,0.62963
465.0,15.0,1.0,0.961105227470398,0.72774738073349,0.45886,0.51695
466.0,2.0,1.0,0.9918745756149292,0.7590228319168091,0.52855,0.46773
466.0,13.0,1.0,0.9888043403625488,0.7366660833358765,0.62963,0.5875
466.0,15.0,1.0,0.977583646774292,0.724582314491272,0.51695,0.55465
467.0,2.0,1.0,0.9800913333892822,0.7707706093788147,0.46773,0.40787
467.0,13.0,1.0,0.991102933883667,0.7231268882751465,0.5875,0.625
467.0,15.0,1.0,0.9768039584159851,0.7647383213043213,0.55465,0.59481
468.0,9.0,1.0,0.9800428152084351,0.7317105531692505,0.37143,0.43077
468.0,2.0,1.0,0.9793796539306641,0.7483440637588501,0.40787,0.33545
468.0,13.0,1.0,0.9964820742607117,0.7266271114349365,0.625,0.53165
468.0,15.0,1.0,0.9771042466163635,0.7635471820831299,0.59481,0.67237
469.0,9.0,1.0,0.9613839387893677,-1.0,0.43077,0.5
470.0,9.0,1.0,0.9842776656150818,-1.0,0.5,0.58929
472.0,9.0,1.0,0.9857050776481628,-1.0,0.58929,0.65625
474.0,11.0,1.0,0.9908638596534729,-1.0,0.45799,0.51023
475.0,11.0,1.0,0.9950239658355713,0.7926002740859985,0.51023,0.50795
475.0,15.0,1.0,0.9674330949783325,0.786846399307251,0.68887,0.62255
476.0,11.0,1.0,0.9935449361801147,0.760370135307312,0.50795,0.51168
476.0,3.0,1.0,0.993125319480896,0.7805809378623962,0.61321,0.50505
476.0,14.0,1.0,0.9895191192626953,0.7684847712516785,0.67692,0.66197
477.0,11.0,1.0,0.9902417659759521,0.7430676817893982,0.51168,0.51556
477.0,3.0,1.0,0.9836372137069702,0.7918918132781982,0.50505,0.45161
477.0,14.0,1.0,0.9792993068695068,0.7923710346221924,0.66197,0.62963
478.0,11.0,1.0,0.9938874244689941,0.7626210451126099,0.51556,0.53615
478.0,3.0,1.0,0.9848361015319824,0.7933409214019775,0.45161,0.3908
478.0,14.0,1.0,0.9856221675872803,0.808779239654541,0.62963,0.5969
479.0,11.0,1.0,0.9957374930381775,0.7598038911819458,0.53615,0.54188
479.0,3.0,1.0,0.968356728553772,0.7859517335891724,0.3908,0.33333
479.0,14.0,1.0,0.981647789478302,0.8520042896270752,0.5969,0.56198
480.0,11.0,1.0,0.9966139793395996,0.7819708585739136,0.54188,0.54964
480.0,14.0,1.0,0.9845139980316162,0.8800687789916992,0.56198,0.52174
480.0,15.0,1.0,0.9871912002563477,0.846430242061615,0.59031,0.59874
481.0,11.0,1.0,0.9976428747177124,0.8088259696960449,0.54964,0.55507
481.0,14.0,1.0,0.9901811480522156,0.8673926591873169,0.52174,0.5514
481.0,15.0,1.0,0.9820973873138428,0.842205286026001,0.59874,0.64317
482.0,11.0,1.0,0.9965194463729858,0.7423111796379089,0.55507,0.56036
482.0,14.0,1.0,0.96284419298172,0.7496646642684937,0.5514,0.59406
483.0,11.0,1.0,0.9968292117118835,0.7570878267288208,0.56036,0.5541
483.0,5.0,1.0,0.9733571410179138,0.7738789916038513,0.37374,0.46923
483.0,14.0,1.0,0.9749923944473267,0.7690222263336182,0.59406,0.6383
484.0,5.0,1.0,0.9654724597930908,0.7859300374984741,0.46923,0.5651
484.0,14.0,1.0,0.9501175880432129,0.7705590128898621,0.6383,0.6701
485.0,5.0,1.0,0.9873853325843811,0.7277116775512695,0.5651,0.66667
485.0,14.0,1.0,0.9694620370864868,0.7725335359573364,0.6701,0.53535
486.0,14.0,1.0,0.975551962852478,-1.0,0.53535,0.40196
487.0,14.0,1.0,0.9587480425834656,0.7931116819381714,0.40196,0.60577
487.0,15.0,1.0,0.9719555377960205,0.7777382731437683,0.69562,0.68761
488.0,14.0,1.0,0.967007040977478,0.7933341264724731,0.60577,0.48113
488.0,15.0,1.0,0.9810588359832764,0.7817696928977966,0.68761,0.6847
489.0,14.0,1.0,0.9664524793624878,0.8142001628875732,0.48113,0.36697
489.0,15.0,1.0,0.9461351037025452,0.7863137722015381,0.6847,0.67491
490.0,15.0,1.0,0.9687420129776001,-1.0,0.67491,0.68319
491.0,15.0,1.0,0.9843575358390808,-1.0,0.68319,0.67896
492.0,15.0,1.0,0.9762213826179504,-1.0,0.67896,0.68608
493.0,15.0,1.0,0.9673734307289124,-1.0,0.68608,0.60577
494.0,15.0,1.0,0.9604020118713379,-1.0,0.60577,0.50485
495.0,3.0,1.0,0.9910840392112732,0.8015106916427612,0.38961,0.48718
495.0,15.0,1.0,0.9811626672744751,0.8140836358070374,0.50485,0.40196
496.0,3.0,1.0,0.9952301979064941,0.8202546834945679,0.48718,0.58228
496.0,14.0,1.0,0.9653751850128174,0.8145068287849426,0.32653,0.47872
503.0,14.0,1.0,0.9889224767684937,-1.0,0.47872,0.62637
505.0,15.0,1.0,0.9821271300315857,-1.0,0.36726,0.49596
507.0,9.0,1.0,0.9509294629096985,-1.0,0.5875,0.44156
509.0,4.0,1.0,0.9890066385269165,-1.0,0.65263,0.55385
510.0,4.0,1.0,0.9851162433624268,0.7349655628204346,0.55385,0.46
510.0,14.0,1.0,0.9795641303062439,0.7641197443008423,0.65882,0.69512
511.0,4.0,1.0,0.9903428554534912,-1.0,0.46,0.48387
512.0,4.0,1.0,0.9775474071502686,-1.0,0.48387,0.51163
513.0,4.0,1.0,0.9817603230476379,-1.0,0.51163,0.54777
514.0,24.0,1.0,0.9755768179893494,0.7850130796432495,0.3578,0.41593
514.0,11.0,1.0,0.9851639866828918,0.8086933493614197,0.61842,0.50667
514.0,4.0,1.0,0.9921064376831055,0.8493510484695435,0.54777,0.45513
514.0,15.0,1.0,0.9789326190948486,0.8004065155982971,0.66691,0.57907
515.0,24.0,1.0,0.9547576308250427,0.8190414309501648,0.41593,0.47458
515.0,11.0,1.0,0.9851798415184021,0.8519749045372009,0.50667,0.37333
515.0,4.0,1.0,0.9885496497154236,0.8270159363746643,0.45513,0.35714
515.0,15.0,1.0,0.971931517124176,0.7711995840072632,0.57907,0.62848
516.0,24.0,1.0,0.9851604104042053,0.6879727840423584,0.47458,0.52459
516.0,15.0,1.0,0.9739954471588135,0.7126355767250061,0.62848,0.68946
517.0,24.0,1.0,0.9775456786155701,0.7039308547973633,0.52459,0.57143
517.0,15.0,1.0,0.9500332474708557,0.7599236369132996,0.68946,0.41097
518.0,24.0,1.0,0.9819780588150024,0.7265968918800354,0.57143,0.61111
518.0,15.0,1.0,0.9768819212913513,0.7624653577804565,0.41097,0.48172
519.0,24.0,1.0,0.9901465177536011,0.7653831243515015,0.61111,0.64286
519.0,9.0,1.0,0.9784469604492188,0.8004826307296753,0.37895,0.47368
519.0,14.0,1.0,0.9945934414863586,0.7476059198379517,0.53271,0.55882
520.0,24.0,1.0,0.9806349873542786,0.7559995055198669,0.64286,0.6746
520.0,9.0,1.0,0.9708189964294434,0.7500823140144348,0.47368,0.56842
520.0,3.0,1.0,0.9938161373138428,0.7291086912155151,0.6843,0.63963
520.0,14.0,1.0,0.9934637546539307,0.7443085312843323,0.55882,0.58763
521.0,9.0,1.0,0.9623531103134155,0.7340953350067139,0.56842,0.67368
521.0,3.0,1.0,0.9938215613365173,0.6965276002883911,0.63963,0.60379
521.0,14.0,1.0,0.9910797476768494,0.7459263801574707,0.58763,0.62637
522.0,3.0,1.0,0.9934355020523071,0.6909366846084595,0.60379,0.56016
522.0,14.0,1.0,0.989687442779541,0.7136220932006836,0.62637,0.68675
523.0,3.0,1.0,0.9968643188476562,-1.0,0.56016,0.52428
